100
1 10
2 9
3 7
4 10
5 4
6 1
7 2
8 9
9 3
10 3
11 1
12 9
13 1
14 7
15 7
16 10
17 4
18 5
19 3
20 1
21 3
22 7
23 9
24 10
25 7
26 5
27 7
28 2
29 3
30 10
31 7
32 2
33 7
34 8
35 1
36 4
37 5
38 2
39 2
40 5
41 7
42 2
43 10
44 5
45 3
46 4
47 9
48 7
49 8
50 8
51 9
52 3
53 9
54 7
55 3
56 3
57 4
58 5
59 3
60 10
61 2
62 9
63 4
64 10
65 10
66 10
67 3
68 10
69 1
70 3
71 3
72 3
73 6
74 1
75 9
76 6
77 6
78 8
79 5
80 2
81 8
82 2
83 2
84 8
85 8
86 9
87 7
88 9
89 3
90 5
91 4
92 1
93 5
94 9
95 7
96 1
97 1
98 1
99 1
100 10
1408
0 1 21
1 0 21
0 2 36
2 0 36
0 3 44
3 0 44
0 4 20
4 0 20
0 5 60
5 0 60
0 6 81
6 0 81
0 7 9
7 0 9
0 8 45
8 0 45
0 9 65
9 0 65
0 10 9
10 0 9
0 11 91
11 0 91
0 12 98
12 0 98
0 13 11
13 0 11
0 14 15
14 0 15
0 15 13
15 0 13
0 16 92
16 0 92
0 17 7
17 0 7
0 18 66
18 0 66
0 19 6
19 0 6
0 20 32
20 0 32
0 21 16
21 0 16
0 22 83
22 0 83
0 23 4
23 0 4
0 24 8
24 0 8
0 25 23
25 0 23
0 26 71
26 0 71
0 27 33
27 0 33
0 28 29
28 0 29
0 29 96
29 0 96
0 30 51
30 0 51
0 31 1
31 0 1
0 32 41
32 0 41
0 33 39
33 0 39
0 34 6
34 0 6
0 35 93
35 0 93
0 36 72
36 0 72
0 37 10
37 0 10
0 38 61
38 0 61
0 39 43
39 0 43
0 40 19
40 0 19
0 41 27
41 0 27
0 42 64
42 0 64
0 43 40
43 0 40
0 44 84
44 0 84
0 45 47
45 0 47
0 46 79
46 0 79
0 47 4
47 0 4
0 48 72
48 0 72
0 49 34
49 0 34
0 50 23
50 0 23
0 51 82
51 0 82
0 52 34
52 0 34
0 53 47
53 0 47
0 54 90
54 0 90
0 55 34
55 0 34
0 56 49
56 0 49
0 57 9
57 0 9
0 58 55
58 0 55
0 59 18
59 0 18
0 60 4
60 0 4
0 61 62
61 0 62
0 62 78
62 0 78
0 63 13
63 0 13
0 64 86
64 0 86
0 65 35
65 0 35
0 66 68
66 0 68
0 67 54
67 0 54
0 68 66
68 0 66
0 69 21
69 0 21
0 70 65
70 0 65
0 71 17
71 0 17
0 72 25
72 0 25
0 73 97
73 0 97
0 74 31
74 0 31
0 75 23
75 0 23
0 76 73
76 0 73
0 77 76
77 0 76
0 78 97
78 0 97
0 79 34
79 0 34
0 80 74
80 0 74
0 81 8
81 0 8
0 82 8
82 0 8
0 83 34
83 0 34
0 84 55
84 0 55
0 85 85
85 0 85
0 86 2
86 0 2
0 87 16
87 0 16
0 88 50
88 0 50
0 89 23
89 0 23
0 90 23
90 0 23
0 91 94
91 0 94
0 92 22
92 0 22
0 93 71
93 0 71
0 94 45
94 0 45
0 95 21
95 0 21
0 96 24
96 0 24
0 97 64
97 0 64
0 98 70
98 0 70
0 99 96
99 0 96
1 4 80
1 7 57
1 11 36
1 13 42
1 17 27
1 23 3
1 26 73
1 29 77
1 31 31
1 34 75
1 35 40
1 37 27
1 40 92
1 46 45
1 49 98
1 52 25
1 58 76
1 60 32
1 67 79
1 68 24
1 69 40
1 75 91
1 77 10
1 83 78
1 95 41
1 97 69
2 4 9
2 5 80
2 6 39
2 7 13
2 8 70
2 10 67
2 12 31
2 13 22
2 15 61
2 16 99
2 17 46
2 21 5
2 29 16
2 38 63
2 39 57
2 50 23
2 51 44
2 53 15
2 56 16
2 58 5
2 62 94
2 63 27
2 64 82
2 65 41
2 72 6
2 76 60
2 78 7
2 83 55
2 86 39
2 88 29
2 97 7
3 4 19
3 21 81
3 23 43
3 28 54
3 30 8
3 34 10
3 36 62
3 38 52
3 40 5
3 51 41
3 54 86
3 60 10
3 61 74
3 64 22
3 66 51
3 68 45
3 71 59
3 73 60
3 75 28
3 76 52
3 80 24
3 81 18
3 83 58
3 85 45
3 89 10
3 90 70
3 93 59
3 96 79
4 6 52
4 11 16
4 19 2
4 27 43
4 31 51
4 33 53
4 41 60
4 49 83
4 53 64
4 55 20
4 73 34
4 77 16
4 79 31
4 85 80
4 91 59
4 95 54
5 7 98
5 8 98
5 9 95
5 15 44
5 18 88
5 19 66
5 22 56
5 24 39
5 25 21
5 29 40
5 32 82
5 33 68
5 38 90
5 42 89
5 55 16
5 57 2
5 60 48
5 72 31
5 73 76
5 76 32
5 80 49
5 90 43
5 96 83
5 97 70
6 14 32
6 16 32
6 22 81
6 23 32
6 25 33
6 27 35
6 28 76
6 31 82
6 41 100
6 64 49
6 67 13
6 74 19
6 83 89
6 87 4
6 89 34
6 91 95
6 92 38
7 14 88
7 26 39
7 29 52
7 30 56
7 32 71
7 33 67
7 34 40
7 37 30
7 38 14
7 39 73
7 40 81
7 44 54
7 45 75
7 47 4
7 48 67
7 49 23
7 50 17
7 52 18
7 53 70
7 54 83
7 66 65
7 68 77
7 69 45
7 71 57
7 74 27
7 76 88
7 78 53
7 80 68
7 83 52
7 93 68
7 99 88
8 10 50
8 13 51
8 18 30
8 21 48
8 25 55
8 26 60
8 27 41
8 28 46
8 30 63
8 34 76
8 36 46
8 39 19
8 41 56
8 43 50
8 46 25
8 47 73
8 49 24
8 54 57
8 64 71
8 65 7
8 68 68
8 69 87
8 75 9
8 82 88
8 87 89
8 94 32
8 95 71
9 19 31
9 20 62
9 27 82
9 29 53
9 31 21
9 33 95
9 42 77
9 43 38
9 44 28
9 45 56
9 50 8
9 57 19
9 58 95
9 64 47
9 71 35
9 73 41
9 78 8
9 85 12
9 89 64
9 92 40
9 98 74
10 13 10
10 21 10
10 25 23
10 29 100
10 33 7
10 37 16
10 40 77
10 44 23
10 48 54
10 52 90
10 53 86
10 54 50
10 59 94
10 63 65
10 66 15
10 70 37
10 73 98
10 75 6
10 84 3
11 12 53
11 16 71
11 18 3
11 19 54
11 23 97
11 32 79
11 33 60
11 34 38
11 36 48
11 37 23
11 39 78
11 44 2
11 45 82
11 46 3
11 53 55
11 58 36
11 67 84
11 77 47
11 94 66
11 96 93
12 19 90
12 21 70
12 26 79
12 30 80
12 36 7
12 39 9
12 49 35
12 60 3
12 65 85
12 68 18
12 70 44
12 71 43
12 73 41
12 78 31
12 80 89
12 93 83
12 98 70
13 18 50
13 23 84
13 29 42
13 30 55
13 31 86
13 38 31
13 40 23
13 48 17
13 50 31
13 53 72
13 59 72
13 63 70
13 73 3
13 74 24
13 77 51
13 88 18
13 92 92
13 98 73
13 99 61
14 15 21
14 18 15
14 20 93
14 27 81
14 28 31
14 33 100
14 50 35
14 51 47
14 52 28
14 58 51
14 62 1
14 63 64
14 67 50
14 71 45
14 73 18
14 81 47
14 83 7
14 85 63
14 92 19
14 97 59
15 16 56
15 21 58
15 22 5
15 29 46
15 30 62
15 33 20
15 37 55
15 38 82
15 40 69
15 43 5
15 50 1
15 55 31
15 56 46
15 59 2
15 70 56
15 71 55
15 78 56
15 86 19
15 87 68
15 88 20
15 89 85
15 91 9
15 98 9
16 21 1
16 24 77
16 32 82
16 36 80
16 39 7
16 42 68
16 47 18
16 60 84
16 65 84
16 67 24
16 74 75
16 76 24
16 79 15
16 81 87
16 86 83
16 87 20
16 88 83
16 89 35
16 90 61
16 91 77
16 96 82
16 97 98
16 98 16
17 28 60
17 34 32
17 36 63
17 55 4
17 56 32
17 57 26
17 58 38
17 59 50
17 63 43
17 73 18
17 77 23
17 82 49
17 85 63
17 87 83
17 93 18
17 95 31
17 96 71
18 22 63
18 23 8
18 27 58
18 32 91
18 43 2
18 44 26
18 45 91
18 46 97
18 47 62
18 50 1
18 53 1
18 60 72
18 71 53
18 72 57
18 73 68
18 74 70
18 79 61
18 85 28
18 89 36
18 90 25
18 97 67
19 22 40
19 23 61
19 25 63
19 29 4
19 32 35
19 34 67
19 38 90
19 40 67
19 43 37
19 44 5
19 51 17
19 59 63
19 61 53
19 70 10
19 71 60
19 72 38
19 74 5
19 80 22
19 82 42
19 83 25
19 86 61
19 87 84
19 89 29
19 91 80
19 92 37
19 93 53
19 96 59
19 98 91
19 99 17
20 23 91
20 25 5
20 30 97
20 31 58
20 34 20
20 35 49
20 37 98
20 42 92
20 43 53
20 48 68
20 54 10
20 57 58
20 58 31
20 61 32
20 64 42
20 65 81
20 67 73
20 68 35
20 69 29
20 70 87
20 74 1
20 86 26
20 87 51
20 88 55
20 90 20
20 91 82
20 92 78
20 98 34
21 23 62
21 29 38
21 32 65
21 35 49
21 40 27
21 43 49
21 45 64
21 59 79
21 64 8
21 65 18
21 72 41
21 76 84
21 86 32
21 89 18
21 95 43
21 97 49
22 30 9
22 35 29
22 45 8
22 47 96
22 48 31
22 50 30
22 53 5
22 64 28
22 71 97
22 72 67
22 75 22
22 78 59
22 82 72
22 83 23
22 84 59
22 85 11
22 86 86
22 88 82
22 89 43
22 93 68
22 95 46
22 96 75
23 24 76
23 25 16
23 33 86
23 34 54
23 40 7
23 41 75
23 56 1
23 60 49
23 62 90
23 70 18
23 71 47
23 74 58
23 78 43
24 33 16
24 38 20
24 51 16
24 54 42
24 56 7
24 62 95
24 68 48
24 70 37
24 77 24
24 78 86
24 79 1
24 81 40
24 84 44
24 92 9
24 95 2
24 98 1
25 33 74
25 34 31
25 35 76
25 39 37
25 41 10
25 47 52
25 53 67
25 55 99
25 57 82
25 60 53
25 63 74
25 72 14
25 84 35
25 86 100
25 91 95
26 29 78
26 34 91
26 38 53
26 43 57
26 44 94
26 47 26
26 67 2
26 69 45
26 71 94
26 77 14
26 78 42
26 79 83
26 81 36
26 86 74
26 87 29
26 90 1
26 91 64
26 95 92
26 97 99
26 99 87
27 30 91
27 31 22
27 38 91
27 42 85
27 48 56
27 51 19
27 52 26
27 55 71
27 56 90
27 57 3
27 60 4
27 63 8
27 74 13
27 83 55
27 85 83
27 86 69
27 92 10
27 93 20
27 97 74
28 32 93
28 37 24
28 43 54
28 44 82
28 45 9
28 49 32
28 50 12
28 52 46
28 53 66
28 60 11
28 64 66
29 30 27
29 36 31
29 40 87
29 42 11
29 47 97
29 48 62
29 57 86
29 60 1
29 63 1
29 66 29
29 72 71
29 74 20
29 78 59
29 83 51
29 88 46
29 89 51
29 94 96
29 97 12
30 36 90
30 38 95
30 62 52
30 64 59
30 68 2
30 76 90
30 78 40
30 81 30
30 82 5
30 83 52
30 85 24
30 89 25
30 90 36
30 92 49
30 95 18
30 96 75
30 97 77
31 32 59
31 33 93
31 38 96
31 41 83
31 48 69
31 49 76
31 52 44
31 54 65
31 56 94
31 57 68
31 58 10
31 62 37
31 66 66
31 67 40
31 78 37
31 81 63
31 84 100
31 86 72
31 88 34
31 89 59
31 92 30
32 39 10
32 40 2
32 43 68
32 46 25
32 48 66
32 54 8
32 55 79
32 58 51
32 60 25
32 70 54
32 73 61
32 80 14
32 82 19
32 87 4
33 35 89
33 49 26
33 51 42
33 56 22
33 57 89
33 63 65
33 68 82
33 70 20
33 72 14
33 78 50
33 81 92
33 88 70
33 90 16
33 94 84
33 96 49
34 36 92
34 39 93
34 42 16
34 45 1
34 50 47
34 51 23
34 53 83
34 58 84
34 60 24
34 66 29
34 71 100
34 72 100
34 74 64
34 80 51
34 82 21
34 86 9
34 88 74
34 90 16
34 94 30
35 44 29
35 46 27
35 47 95
35 49 84
35 50 57
35 53 84
35 54 6
35 60 95
35 62 64
35 64 83
35 65 100
35 67 14
35 70 53
35 71 22
35 73 83
35 76 52
35 82 86
35 84 7
35 88 18
35 91 34
35 97 91
36 46 52
36 50 76
36 58 22
36 59 19
36 60 31
36 62 18
36 69 36
36 70 37
36 71 43
36 74 15
36 78 54
36 79 65
36 82 3
36 89 16
36 90 65
36 93 16
36 95 34
36 96 85
37 38 40
37 40 80
37 42 58
37 45 32
37 50 84
37 57 17
37 62 68
37 64 90
37 67 16
37 73 96
37 74 98
37 79 60
37 81 16
37 88 80
37 89 6
37 91 29
37 92 85
38 40 62
38 44 1
38 46 99
38 47 84
38 49 96
38 52 4
38 53 41
38 58 51
38 60 59
38 64 58
38 65 5
38 66 29
38 67 62
38 69 64
38 73 83
38 74 84
38 79 92
38 83 91
38 86 26
38 87 94
38 90 94
38 92 31
39 40 74
39 46 75
39 49 80
39 56 82
39 60 49
39 74 52
39 75 36
39 78 4
39 80 31
39 84 36
39 86 8
39 95 19
39 98 33
40 41 58
40 49 34
40 50 45
40 54 13
40 59 6
40 63 90
40 74 31
40 80 13
40 82 85
40 89 82
40 91 60
41 43 93
41 49 11
41 50 68
41 53 53
41 56 58
41 59 50
41 71 53
41 83 67
41 91 41
42 46 97
42 57 75
42 65 27
42 73 85
42 74 36
42 78 71
42 83 63
42 86 13
42 88 46
42 97 25
42 99 12
43 44 88
43 45 69
43 49 76
43 53 20
43 56 85
43 59 57
43 62 50
43 63 82
43 68 26
43 73 53
43 75 16
43 76 91
43 79 27
43 80 55
43 81 5
43 85 12
43 90 3
43 91 11
43 93 27
43 94 33
43 95 28
43 97 91
44 47 43
44 53 90
44 54 47
44 55 11
44 61 65
44 62 10
44 71 7
44 74 31
44 82 8
44 84 21
44 87 96
44 89 90
45 49 74
45 51 58
45 52 91
45 54 97
45 56 26
45 62 88
45 63 87
45 66 86
45 69 68
45 73 76
45 75 16
45 86 5
45 96 88
46 50 44
46 51 85
46 57 22
46 64 70
46 65 40
46 67 55
46 69 53
46 77 98
46 79 9
46 83 57
46 84 58
46 85 47
46 98 58
47 49 92
47 53 18
47 54 78
47 56 93
47 58 22
47 63 20
47 65 5
47 69 54
47 71 84
47 88 21
47 91 33
47 98 34
48 51 100
48 54 11
48 57 83
48 60 28
48 65 32
48 66 3
48 67 74
48 71 22
48 72 65
48 75 7
48 78 52
48 81 66
48 90 3
48 91 51
48 94 63
49 54 53
49 55 89
49 57 94
49 59 44
49 60 95
49 61 36
49 62 30
49 74 79
49 82 64
49 83 47
49 88 94
49 89 49
49 98 1
50 53 44
50 56 14
50 58 11
50 59 27
50 63 77
50 65 53
50 67 55
50 76 10
50 77 10
50 82 98
50 83 60
50 94 71
50 99 39
51 54 60
51 58 17
51 59 91
51 63 80
51 66 39
51 69 53
51 78 81
51 84 69
51 88 19
51 90 84
51 93 88
51 97 56
52 56 16
52 57 95
52 59 87
52 63 17
52 68 40
52 73 92
52 77 83
52 78 100
52 80 10
52 81 62
52 91 78
52 94 25
52 97 26
53 59 82
53 63 96
53 72 54
53 73 1
53 79 85
53 80 69
53 83 90
53 89 54
53 91 72
53 96 92
54 57 7
54 59 95
54 62 14
54 63 76
54 73 9
54 82 67
54 89 67
54 97 93
55 61 52
55 62 66
55 66 38
55 67 8
55 76 58
55 77 49
55 78 69
55 79 40
55 83 47
55 88 48
55 89 97
55 91 22
55 92 11
55 99 14
56 62 65
56 67 70
56 68 17
56 72 37
56 76 51
56 96 18
56 98 45
57 62 66
57 64 91
57 66 21
57 71 3
57 72 95
57 74 50
57 81 86
57 82 40
57 85 44
57 95 31
58 59 96
58 60 28
58 63 64
58 70 72
58 76 27
58 82 97
58 88 44
58 89 83
58 91 32
58 92 73
58 94 68
58 95 82
58 99 2
59 60 68
59 66 63
59 71 1
59 81 15
59 82 3
59 87 99
59 88 20
59 92 36
59 97 26
59 99 44
60 63 69
60 69 45
60 88 75
60 92 98
60 94 47
60 98 3
61 63 83
61 75 92
61 92 56
61 93 40
61 99 29
62 68 24
62 76 46
62 77 27
62 79 62
62 81 81
63 65 51
63 66 84
63 68 93
63 70 6
63 81 22
63 84 18
63 89 72
63 91 37
63 94 19
63 97 33
64 66 15
64 67 66
64 70 1
64 76 74
64 85 91
64 88 84
64 90 7
64 91 24
64 93 88
64 94 87
64 95 22
64 96 62
64 97 87
65 72 10
65 83 34
65 84 83
65 97 45
66 71 57
66 92 39
67 69 45
67 72 11
67 74 32
67 75 17
67 76 55
67 77 67
67 78 49
67 81 65
67 82 21
67 86 36
67 88 22
67 92 85
67 97 30
67 99 40
68 71 68
68 73 52
68 79 31
68 88 15
68 92 63
68 95 48
68 97 5
69 72 24
69 74 31
69 77 58
69 82 66
69 83 82
69 88 21
69 96 60
70 75 80
70 83 3
70 85 73
70 88 85
70 89 14
70 96 33
71 74 2
71 77 50
71 78 86
71 80 3
71 82 12
71 89 10
72 73 94
72 77 90
72 85 48
72 86 7
72 88 1
72 89 69
72 91 55
72 92 1
72 95 74
73 76 53
73 77 71
73 80 60
73 82 63
73 88 17
73 92 49
73 94 4
73 99 31
74 75 90
74 77 56
74 82 9
74 85 63
74 92 44
74 94 34
74 97 47
74 99 4
75 78 17
75 79 55
75 80 67
75 81 51
75 84 71
75 85 63
75 92 83
75 94 85
75 96 60
75 97 34
75 99 29
76 80 79
76 94 95
76 96 58
77 79 34
77 81 68
77 87 5
77 94 9
77 99 66
78 90 8
78 91 3
78 92 60
79 81 68
79 87 70
79 89 51
79 93 14
79 94 64
80 83 80
80 86 39
80 90 64
81 82 46
81 91 28
81 94 6
82 85 50
82 86 26
82 89 47
82 91 20
82 96 83
83 89 38
83 92 5
83 95 1
84 85 30
84 87 86
84 88 72
84 90 64
84 93 90
84 95 52
85 86 82
85 89 7
85 92 95
85 95 41
85 99 34
86 87 11
87 88 34
87 93 91
87 98 94
88 91 1
88 95 44
88 96 31
89 91 30
89 93 1
89 96 4
89 99 5
90 91 94
90 94 25
90 99 45
91 98 17
92 93 20
92 97 12
92 99 88
93 96 81
93 99 95
95 97 10
96 97 25
96 98 75
