100
1 1
2 6
3 5
4 9
5 9
6 2
7 7
8 9
9 4
10 7
11 9
12 10
13 9
14 4
15 7
16 2
17 10
18 7
19 1
20 9
21 2
22 10
23 9
24 5
25 8
26 8
27 10
28 5
29 7
30 8
31 3
32 10
33 1
34 1
35 9
36 9
37 8
38 9
39 9
40 2
41 5
42 6
43 2
44 1
45 10
46 10
47 6
48 3
49 5
50 10
51 3
52 2
53 6
54 8
55 2
56 4
57 8
58 2
59 4
60 3
61 6
62 9
63 2
64 3
65 4
66 4
67 3
68 6
69 5
70 7
71 9
72 10
73 3
74 2
75 8
76 5
77 5
78 6
79 5
80 2
81 2
82 8
83 6
84 4
85 1
86 8
87 5
88 1
89 3
90 9
91 1
92 9
93 2
94 6
95 9
96 10
97 8
98 4
99 1
100 5
2602
0 1 43
1 0 43
0 2 56
2 0 56
0 3 4
3 0 4
0 4 10
4 0 10
0 5 70
5 0 70
0 6 97
6 0 97
0 7 33
7 0 33
0 8 90
8 0 90
0 9 85
9 0 85
0 10 97
10 0 97
0 11 51
11 0 51
0 12 38
12 0 38
0 13 5
13 0 5
0 14 16
14 0 16
0 15 43
15 0 43
0 16 12
16 0 12
0 17 33
17 0 33
0 18 51
18 0 51
0 19 93
19 0 93
0 20 62
20 0 62
0 21 32
21 0 32
0 22 40
22 0 40
0 23 98
23 0 98
0 24 13
24 0 13
0 25 80
25 0 80
0 26 50
26 0 50
0 27 42
27 0 42
0 28 57
28 0 57
0 29 81
29 0 81
0 30 72
30 0 72
0 31 56
31 0 56
0 32 2
32 0 2
0 33 100
33 0 100
0 34 69
34 0 69
0 35 29
35 0 29
0 36 87
36 0 87
0 37 52
37 0 52
0 38 41
38 0 41
0 39 33
39 0 33
0 40 32
40 0 32
0 41 60
41 0 60
0 42 7
42 0 7
0 43 79
43 0 79
0 44 13
44 0 13
0 45 17
45 0 17
0 46 38
46 0 38
0 47 81
47 0 81
0 48 34
48 0 34
0 49 21
49 0 21
0 50 43
50 0 43
0 51 33
51 0 33
0 52 95
52 0 95
0 53 16
53 0 16
0 54 47
54 0 47
0 55 56
55 0 56
0 56 31
56 0 31
0 57 61
57 0 61
0 58 18
58 0 18
0 59 56
59 0 56
0 60 61
60 0 61
0 61 41
61 0 41
0 62 46
62 0 46
0 63 14
63 0 14
0 64 46
64 0 46
0 65 43
65 0 43
0 66 76
66 0 76
0 67 60
67 0 60
0 68 7
68 0 7
0 69 72
69 0 72
0 70 81
70 0 81
0 71 92
71 0 92
0 72 33
72 0 33
0 73 30
73 0 30
0 74 99
74 0 99
0 75 51
75 0 51
0 76 31
76 0 31
0 77 7
77 0 7
0 78 87
78 0 87
0 79 56
79 0 56
0 80 84
80 0 84
0 81 18
81 0 18
0 82 44
82 0 44
0 83 56
83 0 56
0 84 97
84 0 97
0 85 56
85 0 56
0 86 92
86 0 92
0 87 17
87 0 17
0 88 28
88 0 28
0 89 40
89 0 40
0 90 61
90 0 61
0 91 17
91 0 17
0 92 56
92 0 56
0 93 13
93 0 13
0 94 19
94 0 19
0 95 49
95 0 49
0 96 84
96 0 84
0 97 46
97 0 46
0 98 39
98 0 39
0 99 27
99 0 27
1 2 85
1 3 42
1 5 95
1 11 7
1 12 39
1 15 75
1 16 47
1 19 30
1 23 4
1 26 64
1 29 98
1 30 40
1 31 94
1 32 1
1 34 29
1 37 58
1 38 4
1 42 76
1 44 16
1 45 30
1 47 71
1 51 69
1 52 19
1 53 16
1 55 55
1 57 94
1 61 26
1 62 92
1 63 7
1 64 14
1 68 35
1 69 10
1 70 73
1 71 18
1 74 18
1 75 73
1 78 67
1 80 10
1 82 95
1 83 7
1 84 77
1 87 65
1 88 33
1 89 46
1 91 45
1 92 99
1 93 59
1 97 85
1 99 68
2 7 96
2 14 86
2 17 11
2 18 89
2 19 48
2 20 83
2 22 52
2 23 69
2 27 71
2 29 62
2 31 92
2 32 14
2 34 55
2 39 1
2 40 77
2 41 31
2 43 21
2 44 87
2 45 37
2 46 58
2 52 97
2 53 56
2 56 47
2 61 62
2 62 12
2 64 93
2 65 34
2 67 7
2 68 65
2 69 85
2 73 11
2 74 11
2 81 18
2 83 59
2 85 7
2 88 53
2 91 21
2 92 82
2 93 54
2 96 30
2 98 1
2 99 51
3 7 49
3 9 19
3 11 7
3 12 8
3 14 37
3 15 30
3 16 90
3 17 46
3 20 65
3 23 44
3 24 71
3 25 35
3 28 62
3 29 91
3 30 86
3 32 34
3 34 92
3 37 78
3 40 73
3 41 24
3 42 68
3 44 84
3 46 28
3 48 65
3 52 83
3 54 64
3 55 64
3 56 56
3 57 32
3 66 35
3 67 11
3 69 94
3 73 39
3 74 29
3 75 40
3 76 31
3 78 3
3 79 68
3 80 32
3 83 83
3 84 57
3 86 4
3 87 69
3 90 62
3 91 12
3 94 17
3 99 50
4 7 43
4 8 54
4 9 23
4 10 94
4 13 74
4 17 93
4 18 2
4 21 46
4 22 6
4 23 10
4 26 36
4 27 50
4 28 29
4 29 14
4 30 51
4 31 26
4 41 90
4 43 43
4 48 39
4 51 16
4 52 37
4 54 97
4 55 13
4 56 80
4 58 90
4 59 25
4 61 16
4 63 56
4 64 74
4 65 55
4 66 11
4 68 74
4 72 81
4 74 41
4 75 23
4 76 38
4 79 96
4 82 54
4 83 97
4 86 49
4 91 76
4 93 9
4 94 32
4 95 31
4 98 66
4 99 61
5 7 15
5 8 23
5 9 61
5 12 58
5 13 49
5 17 43
5 18 55
5 22 10
5 27 26
5 30 65
5 34 96
5 39 15
5 41 19
5 42 68
5 43 86
5 47 51
5 48 98
5 50 15
5 53 25
5 54 100
5 56 32
5 58 22
5 61 23
5 62 94
5 63 8
5 64 12
5 67 97
5 68 16
5 70 14
5 71 87
5 73 48
5 75 35
5 79 5
5 81 20
5 85 82
5 86 62
5 88 48
5 89 77
5 91 31
5 92 72
5 95 63
5 96 15
5 97 56
5 98 59
5 99 41
6 7 9
6 9 28
6 10 88
6 13 39
6 14 44
6 15 57
6 18 9
6 19 89
6 20 65
6 23 43
6 24 52
6 28 42
6 30 65
6 31 39
6 32 1
6 38 28
6 40 9
6 42 48
6 44 25
6 46 92
6 50 70
6 53 85
6 54 15
6 55 68
6 56 65
6 61 64
6 62 3
6 63 56
6 64 16
6 67 54
6 68 38
6 75 66
6 76 98
6 79 73
6 80 83
6 81 80
6 82 35
6 84 38
6 85 91
6 88 66
6 89 9
6 90 72
6 91 13
6 93 60
6 94 58
6 95 38
6 96 62
6 97 96
6 98 28
7 8 63
7 11 27
7 12 75
7 13 27
7 15 11
7 19 6
7 21 100
7 22 11
7 23 96
7 25 72
7 26 7
7 30 15
7 31 58
7 32 38
7 35 69
7 36 44
7 41 83
7 42 43
7 44 86
7 48 84
7 50 14
7 53 50
7 55 65
7 57 75
7 59 69
7 61 52
7 62 95
7 63 71
7 67 11
7 69 67
7 71 23
7 79 5
7 81 99
7 84 75
7 85 69
7 86 90
7 87 1
7 88 80
7 89 92
7 90 60
7 91 2
7 92 93
7 93 94
7 94 34
7 95 94
7 96 52
7 98 51
7 99 32
8 11 36
8 18 63
8 21 26
8 22 41
8 23 82
8 24 92
8 26 29
8 28 39
8 31 3
8 32 54
8 34 46
8 38 70
8 39 57
8 41 51
8 43 66
8 44 62
8 45 51
8 46 70
8 51 1
8 52 98
8 53 15
8 55 35
8 56 69
8 57 9
8 58 8
8 62 73
8 64 77
8 65 98
8 69 72
8 71 56
8 73 15
8 74 78
8 75 7
8 76 10
8 82 37
8 86 56
8 90 70
8 92 41
8 94 67
8 95 10
8 97 24
8 98 10
8 99 74
9 11 34
9 12 73
9 17 86
9 19 45
9 22 21
9 26 92
9 27 15
9 28 55
9 31 32
9 32 75
9 33 34
9 37 100
9 39 5
9 40 36
9 43 33
9 45 59
9 47 93
9 49 55
9 53 100
9 54 34
9 56 12
9 60 51
9 61 43
9 62 30
9 64 6
9 66 98
9 67 99
9 68 67
9 69 33
9 70 77
9 71 49
9 72 2
9 73 11
9 75 84
9 79 92
9 80 56
9 81 96
9 85 76
9 86 100
9 87 94
9 88 35
9 92 13
9 95 73
9 97 35
10 12 60
10 13 23
10 16 13
10 17 13
10 18 40
10 20 2
10 22 9
10 27 43
10 28 52
10 29 53
10 30 7
10 33 54
10 34 47
10 36 41
10 38 35
10 39 14
10 40 26
10 42 57
10 43 39
10 46 14
10 47 10
10 48 45
10 49 62
10 56 87
10 58 6
10 59 18
10 60 40
10 62 23
10 64 26
10 65 32
10 66 3
10 69 33
10 70 89
10 72 92
10 73 61
10 74 59
10 76 69
10 78 20
10 80 77
10 82 84
10 83 81
10 85 66
10 86 66
10 88 25
10 91 92
10 92 86
10 96 87
10 97 7
10 98 2
11 13 91
11 16 70
11 18 33
11 21 40
11 22 67
11 23 60
11 24 73
11 27 58
11 29 42
11 34 27
11 36 55
11 37 25
11 38 83
11 39 60
11 40 26
11 43 48
11 44 41
11 47 62
11 48 54
11 49 30
11 53 2
11 55 71
11 56 55
11 62 87
11 65 21
11 69 99
11 70 18
11 71 73
11 72 36
11 74 86
11 75 11
11 77 19
11 78 57
11 81 90
11 82 28
11 84 64
11 87 20
11 88 92
11 89 92
11 91 48
11 92 70
11 95 29
11 96 83
11 99 18
12 13 74
12 15 84
12 16 99
12 22 4
12 24 73
12 25 55
12 26 87
12 28 46
12 30 8
12 31 12
12 33 90
12 38 50
12 40 56
12 41 38
12 44 89
12 45 65
12 50 31
12 52 71
12 54 72
12 55 100
12 56 27
12 57 76
12 58 67
12 59 34
12 61 21
12 62 42
12 63 100
12 66 62
12 68 97
12 69 17
12 71 30
12 73 39
12 74 35
12 76 55
12 79 47
12 82 39
12 84 63
12 86 10
12 89 51
12 90 42
12 91 70
12 94 11
12 95 99
12 97 26
12 98 48
13 19 62
13 21 3
13 25 8
13 27 39
13 28 69
13 29 55
13 30 45
13 31 20
13 33 59
13 35 43
13 36 91
13 37 29
13 38 53
13 39 32
13 41 78
13 43 73
13 44 66
13 46 58
13 49 89
13 50 45
13 53 23
13 55 86
13 56 28
13 59 54
13 62 74
13 63 24
13 68 30
13 69 62
13 72 54
13 73 32
13 78 51
13 79 97
13 81 91
13 86 27
13 87 53
13 88 5
13 91 71
13 96 84
13 98 75
14 17 36
14 24 33
14 25 93
14 30 96
14 33 20
14 34 14
14 35 3
14 39 65
14 41 71
14 43 29
14 45 51
14 46 97
14 47 12
14 49 6
14 51 14
14 54 73
14 55 25
14 56 100
14 57 15
14 58 55
14 59 83
14 60 56
14 61 47
14 63 26
14 64 22
14 65 99
14 68 26
14 70 69
14 71 74
14 73 36
14 74 53
14 75 69
14 77 43
14 79 49
14 83 14
14 87 43
14 91 30
14 92 22
14 95 61
14 97 35
14 98 13
14 99 43
15 16 30
15 17 28
15 21 38
15 22 14
15 23 28
15 24 86
15 25 93
15 26 19
15 29 16
15 31 32
15 34 100
15 37 41
15 38 53
15 41 1
15 42 72
15 44 72
15 46 80
15 47 88
15 48 21
15 49 88
15 50 35
15 53 95
15 54 94
15 57 83
15 59 42
15 60 88
15 62 87
15 65 90
15 66 29
15 67 59
15 69 79
15 81 5
15 83 58
15 84 35
15 85 25
15 86 60
15 88 94
15 90 12
15 91 73
15 92 100
15 95 73
15 97 47
15 99 15
16 17 80
16 22 10
16 23 57
16 24 33
16 25 51
16 28 55
16 29 97
16 30 43
16 34 20
16 36 78
16 38 35
16 40 16
16 41 55
16 42 91
16 43 22
16 45 46
16 46 40
16 47 3
16 48 43
16 49 76
16 52 70
16 53 68
16 54 54
16 56 18
16 57 41
16 62 33
16 64 38
16 68 78
16 69 73
16 70 11
16 71 67
16 72 9
16 77 30
16 82 43
16 85 82
16 88 74
16 90 17
16 91 3
16 95 95
16 99 13
17 18 52
17 20 37
17 21 89
17 22 45
17 24 61
17 25 71
17 31 41
17 34 50
17 38 15
17 43 85
17 44 75
17 45 78
17 46 38
17 47 15
17 48 94
17 49 91
17 50 38
17 57 2
17 58 15
17 59 85
17 60 56
17 61 1
17 62 64
17 63 64
17 65 72
17 66 2
17 67 61
17 68 37
17 69 50
17 70 88
17 73 19
17 75 38
17 76 76
17 77 93
17 78 5
17 82 17
17 84 89
17 86 77
17 87 74
17 91 69
17 99 85
18 19 68
18 21 89
18 22 89
18 23 89
18 26 69
18 28 12
18 30 81
18 35 67
18 36 28
18 37 19
18 38 94
18 39 34
18 40 18
18 41 23
18 44 78
18 45 73
18 46 17
18 48 58
18 50 31
18 52 5
18 54 18
18 55 87
18 58 59
18 63 89
18 65 35
18 66 15
18 67 18
18 69 22
18 72 69
18 76 72
18 81 52
18 83 61
18 84 35
18 86 5
18 87 3
18 91 50
18 92 63
18 94 83
18 95 89
18 96 68
18 97 65
18 99 2
19 21 88
19 22 50
19 23 62
19 25 45
19 26 87
19 27 31
19 28 15
19 29 75
19 30 27
19 31 83
19 33 27
19 34 24
19 36 26
19 37 80
19 43 76
19 44 97
19 48 63
19 49 81
19 50 97
19 52 43
19 53 48
19 54 50
19 55 47
19 58 5
19 59 72
19 60 33
19 61 72
19 62 2
19 63 13
19 68 36
19 70 17
19 74 46
19 75 67
19 78 93
19 80 73
19 81 62
19 84 5
19 87 70
19 93 59
19 98 58
20 24 83
20 27 72
20 30 15
20 31 41
20 33 77
20 35 7
20 37 51
20 38 67
20 40 60
20 41 40
20 42 32
20 44 11
20 45 77
20 46 90
20 50 68
20 52 34
20 56 10
20 57 69
20 59 57
20 60 78
20 61 92
20 64 71
20 65 45
20 66 66
20 69 78
20 72 70
20 73 44
20 76 85
20 78 36
20 80 99
20 81 100
20 82 11
20 83 29
20 85 15
20 86 5
20 90 85
20 92 75
20 93 19
20 94 88
20 96 88
20 97 50
20 98 21
21 22 87
21 23 32
21 26 1
21 28 8
21 29 24
21 32 62
21 33 38
21 34 44
21 35 78
21 38 74
21 39 3
21 40 25
21 41 21
21 42 61
21 50 2
21 51 75
21 54 78
21 55 36
21 56 19
21 64 46
21 65 52
21 66 91
21 73 53
21 76 99
21 77 65
21 80 22
21 83 71
21 84 67
21 89 49
21 90 74
21 91 15
21 93 82
21 95 59
21 98 96
21 99 41
22 23 99
22 24 42
22 25 8
22 26 6
22 27 45
22 28 63
22 30 99
22 31 8
22 35 86
22 36 4
22 41 22
22 42 91
22 44 48
22 45 99
22 46 16
22 51 98
22 57 17
22 58 12
22 59 73
22 60 54
22 63 15
22 65 41
22 66 13
22 69 26
22 71 70
22 73 91
22 74 54
22 75 41
22 76 53
22 77 47
22 85 56
22 87 45
22 91 21
22 92 77
22 95 62
22 97 70
22 98 52
23 25 29
23 26 18
23 27 20
23 31 54
23 32 11
23 39 70
23 41 8
23 43 48
23 45 46
23 47 55
23 51 23
23 53 26
23 56 94
23 57 81
23 59 32
23 61 29
23 63 18
23 68 36
23 70 31
23 71 14
23 75 83
23 78 90
23 80 80
23 81 14
23 84 84
23 86 30
23 87 33
23 88 59
23 92 50
23 93 70
23 94 72
23 95 14
23 96 82
23 97 35
23 99 94
24 26 36
24 29 58
24 34 14
24 37 96
24 38 15
24 43 33
24 44 7
24 46 41
24 47 93
24 48 15
24 49 7
24 51 10
24 53 56
24 55 51
24 57 14
24 59 68
24 62 54
24 67 19
24 68 18
24 69 88
24 70 5
24 71 86
24 74 36
24 77 29
24 81 95
24 83 92
24 84 70
24 85 81
24 87 46
24 89 57
24 92 45
24 93 22
24 94 27
24 99 11
25 26 24
25 29 72
25 32 53
25 33 66
25 34 71
25 35 30
25 39 68
25 41 62
25 42 61
25 45 95
25 46 56
25 47 18
25 48 14
25 49 17
25 52 9
25 53 74
25 55 21
25 56 70
25 58 62
25 61 11
25 63 63
25 64 82
25 71 2
25 73 7
25 75 36
25 76 29
25 77 83
25 79 78
25 81 41
25 82 60
25 84 37
25 88 55
25 89 4
25 91 17
25 94 94
25 95 89
25 97 66
25 99 42
26 28 4
26 29 41
26 33 71
26 34 28
26 37 99
26 38 86
26 40 75
26 43 74
26 44 63
26 45 98
26 47 3
26 49 49
26 50 19
26 51 62
26 53 68
26 56 84
26 60 93
26 63 66
26 66 22
26 67 71
26 70 93
26 72 65
26 73 76
26 78 7
26 80 35
26 83 8
26 84 92
26 89 59
26 90 9
26 95 46
26 97 58
27 38 35
27 39 17
27 40 75
27 41 68
27 43 48
27 49 65
27 50 14
27 56 67
27 58 67
27 59 56
27 60 78
27 61 2
27 67 59
27 70 55
27 75 30
27 76 6
27 77 25
27 78 84
27 79 16
27 80 43
27 82 53
27 85 74
27 89 32
27 90 33
27 93 29
27 94 47
27 99 64
28 31 78
28 33 54
28 34 59
28 36 38
28 37 57
28 38 74
28 39 13
28 40 37
28 41 43
28 42 54
28 44 4
28 47 84
28 48 1
28 51 7
28 60 34
28 68 9
28 69 50
28 71 61
28 72 44
28 73 5
28 75 56
28 76 70
28 78 58
28 80 47
28 81 10
28 86 10
28 87 47
28 89 89
28 91 14
28 93 52
28 94 20
28 95 21
28 97 46
28 99 28
29 32 39
29 35 87
29 36 5
29 37 49
29 41 93
29 42 47
29 43 16
29 46 90
29 47 92
29 48 11
29 49 93
29 51 81
29 53 42
29 55 79
29 56 6
29 57 34
29 58 46
29 60 4
29 62 78
29 64 12
29 65 74
29 68 39
29 69 10
29 70 72
29 71 57
29 72 82
29 73 7
29 75 80
29 76 2
29 83 23
29 84 10
29 88 67
29 89 96
29 91 50
29 92 81
29 96 27
29 98 43
29 99 98
30 31 69
30 33 20
30 38 39
30 39 30
30 40 24
30 44 76
30 45 91
30 46 39
30 47 68
30 48 75
30 50 61
30 55 65
30 56 100
30 59 78
30 60 43
30 62 86
30 63 81
30 67 78
30 68 92
30 70 48
30 74 34
30 77 10
30 81 10
30 82 97
30 83 94
30 87 26
30 90 82
30 91 93
30 94 34
30 96 57
30 97 69
30 98 1
30 99 79
31 32 12
31 35 1
31 36 80
31 37 6
31 39 63
31 40 24
31 41 64
31 42 82
31 43 92
31 47 8
31 49 75
31 50 35
31 52 15
31 53 60
31 54 42
31 55 38
31 58 50
31 59 70
31 61 84
31 67 20
31 71 95
31 72 1
31 75 44
31 77 7
31 82 39
31 84 46
31 85 28
31 87 7
31 89 22
31 92 29
31 93 81
31 94 28
31 99 48
32 35 8
32 36 5
32 38 1
32 40 48
32 41 30
32 42 63
32 44 52
32 46 89
32 47 53
32 50 9
32 51 67
32 53 60
32 54 45
32 57 59
32 60 21
32 61 80
32 62 48
32 63 76
32 68 70
32 69 55
32 71 49
32 72 94
32 74 31
32 75 98
32 76 64
32 77 99
32 81 4
32 82 3
32 83 13
32 86 2
32 88 60
32 89 46
32 90 18
32 92 51
32 93 25
32 95 58
32 96 62
32 97 46
32 99 12
33 39 69
33 40 73
33 41 50
33 42 40
33 43 93
33 46 63
33 50 22
33 52 7
33 55 63
33 58 18
33 59 1
33 60 27
33 62 54
33 63 57
33 64 15
33 65 75
33 66 37
33 69 24
33 70 82
33 71 96
33 72 56
33 73 98
33 74 49
33 79 20
33 80 71
33 81 81
33 84 7
33 86 10
33 88 72
33 89 5
33 90 85
33 91 95
33 93 49
33 94 65
33 98 51
33 99 86
34 36 33
34 37 51
34 38 63
34 40 59
34 41 20
34 42 40
34 44 61
34 45 29
34 48 92
34 50 79
34 51 35
34 52 93
34 53 20
34 55 46
34 56 79
34 59 63
34 61 33
34 62 19
34 66 72
34 68 91
34 69 25
34 70 31
34 72 47
34 75 85
34 76 85
34 77 6
34 78 70
34 79 73
34 85 29
34 90 15
34 92 61
34 93 89
34 95 27
34 96 78
34 97 34
34 98 86
35 37 35
35 39 89
35 41 88
35 42 26
35 43 49
35 47 74
35 53 1
35 54 97
35 57 63
35 59 95
35 61 9
35 62 43
35 64 25
35 65 99
35 68 15
35 69 15
35 71 68
35 73 92
35 75 91
35 77 79
35 78 73
35 79 47
35 81 7
35 84 84
35 87 65
35 89 35
35 91 7
35 92 2
35 96 64
35 97 30
36 37 50
36 38 57
36 39 56
36 40 45
36 42 91
36 47 9
36 49 28
36 57 79
36 59 4
36 61 26
36 63 38
36 64 4
36 66 65
36 71 83
36 77 7
36 78 15
36 80 28
36 83 89
36 84 40
36 88 62
36 89 79
36 90 11
36 91 18
36 92 7
36 95 90
36 97 66
36 99 83
37 38 5
37 39 67
37 41 2
37 42 50
37 45 99
37 46 51
37 48 46
37 49 79
37 50 89
37 58 22
37 60 87
37 62 77
37 63 96
37 66 83
37 68 80
37 69 64
37 71 51
37 73 55
37 74 85
37 75 29
37 76 17
37 80 87
37 81 49
37 84 56
37 85 31
37 88 66
37 89 2
37 91 6
37 93 84
37 94 89
37 97 8
37 98 94
37 99 72
38 39 8
38 46 66
38 49 13
38 55 17
38 57 19
38 58 69
38 63 3
38 64 11
38 65 2
38 67 8
38 68 38
38 70 77
38 71 19
38 72 5
38 73 1
38 74 40
38 75 81
38 77 57
38 78 69
38 79 60
38 80 2
38 81 61
38 82 69
38 83 57
38 84 18
38 88 90
38 93 28
38 98 100
38 99 51
39 40 82
39 41 65
39 42 77
39 43 47
39 44 100
39 45 82
39 48 92
39 53 49
39 54 77
39 56 2
39 57 51
39 61 34
39 62 100
39 63 90
39 66 28
39 67 64
39 68 15
39 70 12
39 72 57
39 78 22
39 79 12
39 80 2
39 81 45
39 82 57
39 83 59
39 85 97
39 87 74
39 89 55
39 91 45
39 92 50
39 93 82
39 94 16
39 96 67
39 97 88
39 99 59
40 41 83
40 43 89
40 45 53
40 46 45
40 48 67
40 52 43
40 56 96
40 58 86
40 59 24
40 60 60
40 61 84
40 62 66
40 63 89
40 64 94
40 65 33
40 69 15
40 74 21
40 77 14
40 78 5
40 81 96
40 84 87
40 87 44
40 88 26
40 92 18
40 93 57
40 94 21
40 95 28
40 96 6
41 45 32
41 46 86
41 48 94
41 49 84
41 51 61
41 56 73
41 57 51
41 59 86
41 60 23
41 64 51
41 65 36
41 66 1
41 71 91
41 74 69
41 78 71
41 81 12
41 82 79
41 86 73
41 87 68
41 88 15
41 89 67
41 90 52
41 91 100
41 93 44
41 94 15
41 96 9
41 97 48
42 44 44
42 45 88
42 46 68
42 47 48
42 52 1
42 53 1
42 54 32
42 56 46
42 57 24
42 60 27
42 61 85
42 62 18
42 63 8
42 65 91
42 66 85
42 69 57
42 71 30
42 72 11
42 77 4
42 78 93
42 79 87
42 80 51
42 84 21
42 89 39
42 90 86
42 92 76
42 93 38
42 95 47
42 96 19
42 99 72
43 46 97
43 49 99
43 51 63
43 53 22
43 58 45
43 59 25
43 61 7
43 62 84
43 63 32
43 64 98
43 67 90
43 69 26
43 71 42
43 72 12
43 75 100
43 77 19
43 80 97
43 82 18
43 83 43
43 85 9
43 86 36
43 87 96
43 88 63
43 94 39
43 95 33
44 46 12
44 47 6
44 55 34
44 56 74
44 60 100
44 61 94
44 63 46
44 64 62
44 65 87
44 68 36
44 72 84
44 74 72
44 77 58
44 80 26
44 81 17
44 83 2
44 84 65
44 85 84
44 87 35
44 90 7
44 91 81
44 93 64
44 94 47
44 95 13
44 96 8
45 46 47
45 47 76
45 50 57
45 51 1
45 56 22
45 58 76
45 59 39
45 61 10
45 62 10
45 64 2
45 65 1
45 67 1
45 70 48
45 74 50
45 76 42
45 78 16
45 79 48
45 85 6
45 86 51
45 90 55
45 91 91
45 92 55
45 93 61
45 94 55
45 95 43
45 96 58
45 98 35
46 49 50
46 52 10
46 54 50
46 55 51
46 56 31
46 60 4
46 62 47
46 63 94
46 64 47
46 65 16
46 66 11
46 67 46
46 70 22
46 72 33
46 74 48
46 78 45
46 81 5
46 82 64
46 83 42
46 84 33
46 85 99
46 86 96
46 87 56
46 88 39
46 90 54
46 91 39
46 93 21
46 94 96
46 96 35
46 97 68
46 99 39
47 54 3
47 55 34
47 56 54
47 63 33
47 65 52
47 66 4
47 69 2
47 75 25
47 78 77
47 79 55
47 80 76
47 82 16
47 83 4
47 88 55
47 89 14
47 94 83
47 95 58
47 97 71
48 49 7
48 51 57
48 52 19
48 53 50
48 54 15
48 55 34
48 56 21
48 57 17
48 58 50
48 59 55
48 61 76
48 62 62
48 64 13
48 66 12
48 71 36
48 75 1
48 76 89
48 77 3
48 79 40
48 82 83
48 84 25
48 86 85
48 87 95
48 88 49
48 89 15
48 91 49
48 92 67
48 93 12
48 94 84
48 96 45
48 97 78
48 98 58
48 99 24
49 50 81
49 55 65
49 58 77
49 60 7
49 61 4
49 68 73
49 69 1
49 71 29
49 72 49
49 73 6
49 76 42
49 82 51
49 83 88
49 84 73
49 87 29
49 88 31
49 90 43
49 91 42
49 95 21
49 96 32
49 97 16
50 51 31
50 53 79
50 55 72
50 56 19
50 59 79
50 62 71
50 66 65
50 67 53
50 68 61
50 69 64
50 70 3
50 71 17
50 72 6
50 74 76
50 77 97
50 80 31
50 81 96
50 84 98
50 86 17
50 89 32
50 90 21
50 93 23
50 95 15
50 98 62
51 53 18
51 54 42
51 55 29
51 56 92
51 58 47
51 59 49
51 61 81
51 64 32
51 65 3
51 66 53
51 67 20
51 70 15
51 73 96
51 76 46
51 78 3
51 79 94
51 80 86
51 81 71
51 83 21
51 84 78
51 85 67
51 90 95
51 91 6
51 92 95
51 93 86
51 94 76
51 95 98
51 96 100
52 53 12
52 54 96
52 55 41
52 56 64
52 58 63
52 59 69
52 61 53
52 62 49
52 64 34
52 66 77
52 69 81
52 71 43
52 73 55
52 75 18
52 79 34
52 80 59
52 81 17
52 83 32
52 89 14
52 92 96
52 93 52
52 94 41
52 95 65
52 97 99
52 98 78
53 54 35
53 56 12
53 57 47
53 60 31
53 63 100
53 64 7
53 66 87
53 70 28
53 71 95
53 72 78
53 75 22
53 78 86
53 79 24
53 80 72
53 83 14
53 84 24
53 86 89
53 88 55
53 90 15
53 91 35
53 93 78
53 95 41
53 96 4
53 99 28
54 55 54
54 56 33
54 59 23
54 61 9
54 63 23
54 64 76
54 65 21
54 68 1
54 69 71
54 70 47
54 72 74
54 73 84
54 74 30
54 75 23
54 77 49
54 79 79
54 80 60
54 81 6
54 83 10
54 87 16
54 88 11
54 90 6
54 93 69
54 95 75
54 98 45
55 56 48
55 59 75
55 61 25
55 63 84
55 64 42
55 65 42
55 66 81
55 69 5
55 70 26
55 76 27
55 78 22
55 80 77
55 85 6
55 86 33
55 87 97
55 88 65
55 89 12
55 90 48
55 95 27
55 97 64
55 98 12
56 59 76
56 60 47
56 62 74
56 63 28
56 64 39
56 67 76
56 69 26
56 70 44
56 75 65
56 77 100
56 80 15
56 81 100
56 83 61
56 87 10
56 88 78
56 89 92
56 90 56
56 91 99
56 93 9
56 95 4
56 96 73
56 99 14
57 59 62
57 62 19
57 64 93
57 65 62
57 66 29
57 67 89
57 68 18
57 69 96
57 72 88
57 74 49
57 76 41
57 77 13
57 80 57
57 81 40
57 82 97
57 83 87
57 84 45
57 89 73
57 91 48
57 92 9
57 94 88
57 95 12
57 96 34
57 99 58
58 61 15
58 62 46
58 63 87
58 66 87
58 67 53
58 68 89
58 72 14
58 74 25
58 75 22
58 76 5
58 77 77
58 79 37
58 80 72
58 81 22
58 82 47
58 85 24
58 87 45
58 89 64
58 95 9
58 96 62
58 97 63
58 98 10
58 99 42
59 61 84
59 62 6
59 63 18
59 65 79
59 69 7
59 71 28
59 72 22
59 73 60
59 77 80
59 78 2
59 79 58
59 81 11
59 82 59
59 84 82
59 87 73
59 88 41
59 91 15
59 97 31
60 63 87
60 66 34
60 68 41
60 74 71
60 75 38
60 77 99
60 79 73
60 80 75
60 82 2
60 83 44
60 89 95
60 93 93
60 99 6
61 62 25
61 63 95
61 67 59
61 69 58
61 70 46
61 72 39
61 77 71
61 78 21
61 79 94
61 80 62
61 81 73
61 85 5
61 87 87
61 88 17
61 90 81
61 92 22
61 93 50
61 94 15
61 95 65
61 97 85
61 98 83
61 99 37
62 67 10
62 69 84
62 75 20
62 79 68
62 82 1
62 84 39
62 85 2
62 86 48
62 87 29
62 88 86
62 89 25
62 94 86
62 95 20
62 96 58
63 66 19
63 70 6
63 74 8
63 77 75
63 78 26
63 80 82
63 82 43
63 84 96
63 86 29
63 88 24
63 90 85
63 91 20
63 93 15
63 95 36
63 96 14
63 98 84
64 67 71
64 68 95
64 69 43
64 72 55
64 73 53
64 74 70
64 78 57
64 79 74
64 82 47
64 84 61
64 87 98
64 88 36
64 89 80
64 90 29
64 92 24
64 93 4
64 94 44
64 96 23
64 99 32
65 66 55
65 68 51
65 70 54
65 72 44
65 73 26
65 77 77
65 79 49
65 80 56
65 82 88
65 83 84
65 84 81
65 87 58
65 91 57
65 96 50
65 97 12
65 98 20
66 68 99
66 70 83
66 71 48
66 73 12
66 74 69
66 75 97
66 76 16
66 78 49
66 81 69
66 82 62
66 83 71
66 86 26
66 87 15
66 88 10
66 89 47
66 91 24
66 94 50
66 97 38
66 98 6
67 69 89
67 72 97
67 73 71
67 74 100
67 75 9
67 76 76
67 79 41
67 85 92
67 91 33
67 92 83
67 93 39
67 97 8
67 98 22
67 99 37
68 71 88
68 72 96
68 74 77
68 81 62
68 84 45
68 86 68
68 88 63
68 89 26
68 91 24
68 92 15
68 95 7
68 99 75
69 70 47
69 71 9
69 73 34
69 74 55
69 76 39
69 77 35
69 78 15
69 79 26
69 80 16
69 81 59
69 82 22
69 83 71
69 84 48
69 85 46
69 86 88
69 88 35
69 89 91
69 95 18
69 96 18
69 97 4
70 72 67
70 73 55
70 74 82
70 76 24
70 78 15
70 79 23
70 80 90
70 81 30
70 82 83
70 83 100
70 84 66
70 85 49
70 88 83
70 89 49
70 97 73
70 98 40
70 99 23
71 73 83
71 76 66
71 77 68
71 80 35
71 81 70
71 82 50
71 83 1
71 84 88
71 89 83
71 90 62
71 94 37
71 96 16
71 99 48
72 73 76
72 74 73
72 75 6
72 78 5
72 81 88
72 83 26
72 87 6
72 89 48
72 90 19
72 91 46
72 92 36
72 95 5
72 96 21
72 97 81
73 75 100
73 76 29
73 77 52
73 79 28
73 81 45
73 82 85
73 83 47
73 85 40
73 89 96
73 92 38
73 93 100
73 94 51
73 97 64
73 99 40
74 76 28
74 78 37
74 79 67
74 80 6
74 81 48
74 83 63
74 84 9
74 85 47
74 86 66
74 88 10
74 90 38
74 96 89
75 77 24
75 83 100
75 87 15
75 89 6
75 94 8
75 95 9
75 96 22
75 97 51
75 98 32
76 77 76
76 78 35
76 79 37
76 81 100
76 82 60
76 86 90
76 87 90
76 89 39
76 90 1
76 93 44
76 94 80
76 95 77
76 99 86
77 79 23
77 80 9
77 83 11
77 84 19
77 88 37
77 89 64
77 90 74
77 91 97
77 92 63
77 96 99
77 97 33
77 98 78
78 81 62
78 83 92
78 84 56
78 86 9
78 88 90
78 89 83
78 92 56
78 93 25
78 95 70
78 96 59
79 81 21
79 82 10
79 84 63
79 86 58
79 89 22
79 90 63
79 97 68
79 98 27
80 83 27
80 84 36
80 85 18
80 86 14
80 87 37
80 90 41
80 91 40
80 97 94
80 99 2
81 82 70
81 89 45
81 91 99
81 92 84
81 96 12
81 97 69
81 99 9
82 83 7
82 87 39
82 88 59
82 89 69
82 91 28
82 93 84
82 94 43
82 95 44
82 99 71
83 84 10
83 86 60
83 87 31
83 90 60
83 91 82
83 93 56
83 97 31
83 99 3
84 85 3
84 86 39
84 87 67
84 88 46
84 93 81
84 96 66
84 98 47
85 86 60
85 87 39
85 90 76
85 91 86
85 93 74
85 96 61
85 98 70
86 87 40
86 89 91
86 90 86
86 91 45
86 92 24
86 94 29
86 95 69
86 98 31
86 99 96
87 88 54
87 89 83
87 95 88
87 96 72
88 89 73
88 91 18
88 92 39
88 94 33
88 97 72
88 98 21
88 99 30
89 95 65
89 96 61
89 97 21
89 99 56
90 92 77
90 93 87
90 94 18
90 95 87
90 97 79
90 98 88
90 99 68
91 93 89
91 95 34
91 96 65
91 97 43
91 98 27
92 93 39
92 94 75
92 95 31
92 97 50
92 99 67
93 96 63
93 97 66
93 98 97
94 95 68
94 96 83
94 99 30
95 97 1
95 99 84
96 97 48
96 99 68
