100
1 7
2 10
3 10
4 6
5 7
6 3
7 3
8 3
9 6
10 4
11 2
12 9
13 7
14 7
15 5
16 7
17 2
18 2
19 2
20 1
21 9
22 7
23 5
24 7
25 10
26 5
27 6
28 1
29 7
30 8
31 8
32 7
33 1
34 9
35 10
36 4
37 8
38 4
39 5
40 2
41 7
42 8
43 8
44 7
45 5
46 5
47 4
48 3
49 6
50 6
51 3
52 4
53 5
54 1
55 1
56 2
57 3
58 4
59 9
60 5
61 6
62 4
63 1
64 8
65 4
66 6
67 10
68 10
69 3
70 7
71 8
72 1
73 7
74 1
75 2
76 9
77 6
78 4
79 5
80 9
81 6
82 8
83 9
84 10
85 3
86 1
87 10
88 5
89 6
90 1
91 1
92 6
93 2
94 7
95 10
96 7
97 6
98 10
99 1
100 9
3894
0 1 70
1 0 70
0 2 32
2 0 32
0 3 4
3 0 4
0 4 35
4 0 35
0 5 33
5 0 33
0 6 58
6 0 58
0 7 53
7 0 53
0 8 49
8 0 49
0 9 74
9 0 74
0 10 52
10 0 52
0 11 28
11 0 28
0 12 57
12 0 57
0 13 78
13 0 78
0 14 58
14 0 58
0 15 20
15 0 20
0 16 97
16 0 97
0 17 31
17 0 31
0 18 52
18 0 52
0 19 77
19 0 77
0 20 88
20 0 88
0 21 50
21 0 50
0 22 12
22 0 12
0 23 60
23 0 60
0 24 79
24 0 79
0 25 73
25 0 73
0 26 70
26 0 70
0 27 71
27 0 71
0 28 80
28 0 80
0 29 78
29 0 78
0 30 4
30 0 4
0 31 66
31 0 66
0 32 35
32 0 35
0 33 79
33 0 79
0 34 80
34 0 80
0 35 94
35 0 94
0 36 19
36 0 19
0 37 79
37 0 79
0 38 44
38 0 44
0 39 55
39 0 55
0 40 8
40 0 8
0 41 38
41 0 38
0 42 20
42 0 20
0 43 61
43 0 61
0 44 14
44 0 14
0 45 77
45 0 77
0 46 72
46 0 72
0 47 28
47 0 28
0 48 100
48 0 100
0 49 60
49 0 60
0 50 25
50 0 25
0 51 100
51 0 100
0 52 72
52 0 72
0 53 91
53 0 91
0 54 67
54 0 67
0 55 70
55 0 70
0 56 41
56 0 41
0 57 41
57 0 41
0 58 9
58 0 9
0 59 3
59 0 3
0 60 87
60 0 87
0 61 72
61 0 72
0 62 47
62 0 47
0 63 61
63 0 61
0 64 38
64 0 38
0 65 13
65 0 13
0 66 37
66 0 37
0 67 70
67 0 70
0 68 49
68 0 49
0 69 43
69 0 43
0 70 53
70 0 53
0 71 61
71 0 61
0 72 4
72 0 4
0 73 36
73 0 36
0 74 45
74 0 45
0 75 61
75 0 61
0 76 27
76 0 27
0 77 23
77 0 23
0 78 39
78 0 39
0 79 72
79 0 72
0 80 8
80 0 8
0 81 11
81 0 11
0 82 5
82 0 5
0 83 64
83 0 64
0 84 15
84 0 15
0 85 10
85 0 10
0 86 32
86 0 32
0 87 11
87 0 11
0 88 12
88 0 12
0 89 82
89 0 82
0 90 94
90 0 94
0 91 41
91 0 41
0 92 48
92 0 48
0 93 63
93 0 63
0 94 15
94 0 15
0 95 28
95 0 28
0 96 45
96 0 45
0 97 67
97 0 67
0 98 10
98 0 10
0 99 80
99 0 80
1 2 10
1 3 93
1 4 84
1 5 41
1 7 94
1 8 18
1 10 76
1 11 26
1 12 8
1 14 25
1 15 71
1 16 70
1 17 88
1 18 31
1 19 86
1 20 30
1 22 27
1 23 100
1 24 62
1 25 70
1 26 98
1 27 99
1 29 72
1 30 91
1 33 79
1 35 90
1 36 55
1 37 79
1 38 41
1 39 91
1 40 53
1 41 49
1 42 5
1 43 47
1 44 1
1 47 90
1 48 2
1 49 100
1 50 99
1 51 79
1 52 90
1 53 10
1 54 52
1 55 26
1 56 47
1 57 76
1 59 20
1 60 40
1 61 54
1 62 29
1 63 4
1 65 81
1 67 81
1 70 55
1 71 98
1 72 19
1 73 51
1 75 76
1 76 64
1 77 64
1 78 78
1 81 66
1 83 63
1 84 6
1 85 81
1 86 30
1 87 61
1 88 77
1 90 79
1 91 14
1 92 75
1 93 41
1 94 90
1 96 73
1 97 67
1 98 1
1 99 57
2 6 67
2 7 80
2 8 77
2 9 40
2 10 15
2 11 20
2 12 11
2 13 46
2 15 83
2 16 57
2 17 92
2 18 2
2 19 75
2 22 2
2 23 38
2 24 54
2 25 53
2 26 94
2 27 68
2 29 43
2 30 55
2 31 22
2 32 79
2 33 46
2 34 30
2 35 39
2 36 15
2 38 31
2 41 76
2 42 96
2 43 9
2 44 33
2 45 88
2 46 14
2 48 78
2 49 62
2 50 13
2 52 53
2 53 89
2 54 42
2 55 40
2 56 89
2 57 75
2 58 2
2 60 81
2 61 38
2 62 37
2 63 23
2 64 18
2 65 53
2 66 37
2 68 40
2 70 100
2 72 82
2 73 8
2 74 11
2 75 1
2 76 17
2 77 9
2 78 85
2 79 72
2 80 73
2 81 73
2 82 62
2 83 38
2 84 3
2 85 84
2 86 25
2 87 40
2 89 19
2 90 41
2 92 4
2 94 8
2 96 40
2 98 66
2 99 53
3 4 70
3 5 27
3 6 21
3 8 97
3 11 91
3 12 38
3 13 86
3 14 10
3 15 39
3 17 67
3 20 63
3 21 10
3 23 14
3 24 66
3 25 8
3 26 29
3 27 23
3 28 57
3 30 26
3 31 66
3 32 91
3 33 5
3 34 49
3 35 63
3 38 73
3 41 77
3 42 29
3 43 28
3 44 72
3 46 28
3 47 76
3 49 3
3 50 29
3 52 51
3 53 13
3 54 41
3 55 7
3 56 48
3 57 53
3 59 42
3 60 55
3 61 65
3 62 66
3 63 92
3 64 49
3 65 40
3 67 5
3 68 70
3 70 60
3 71 34
3 75 19
3 76 19
3 78 72
3 79 78
3 81 39
3 83 43
3 84 86
3 86 56
3 87 77
3 89 56
3 90 24
3 91 80
3 92 70
3 93 54
3 94 20
3 95 63
3 96 20
3 98 86
3 99 51
4 5 66
4 6 53
4 7 40
4 8 81
4 9 82
4 10 1
4 11 25
4 13 19
4 14 1
4 15 37
4 16 3
4 17 35
4 18 62
4 19 31
4 21 29
4 22 62
4 23 71
4 24 29
4 25 99
4 26 36
4 28 25
4 29 53
4 30 57
4 33 17
4 35 52
4 36 28
4 37 66
4 38 82
4 39 81
4 41 11
4 43 26
4 45 62
4 46 81
4 47 75
4 50 7
4 52 33
4 55 46
4 58 33
4 60 10
4 61 66
4 62 28
4 63 62
4 66 7
4 67 95
4 68 62
4 70 6
4 72 74
4 73 42
4 75 72
4 76 73
4 77 23
4 79 70
4 80 52
4 81 56
4 82 85
4 83 100
4 84 76
4 85 24
4 86 34
4 87 12
4 88 62
4 89 61
4 90 9
4 93 76
4 94 27
4 97 4
4 99 37
5 6 53
5 7 96
5 8 82
5 10 54
5 12 3
5 13 76
5 14 9
5 15 23
5 16 10
5 20 59
5 22 9
5 23 43
5 24 50
5 26 15
5 28 13
5 29 81
5 30 39
5 31 49
5 32 33
5 33 86
5 34 8
5 35 8
5 36 25
5 37 10
5 38 6
5 39 43
5 40 56
5 41 8
5 42 67
5 43 60
5 44 61
5 46 89
5 48 42
5 50 76
5 51 77
5 52 93
5 53 9
5 54 16
5 55 68
5 56 89
5 57 77
5 59 69
5 61 51
5 66 74
5 67 49
5 68 78
5 70 13
5 72 50
5 73 87
5 74 12
5 75 90
5 77 77
5 79 4
5 80 100
5 81 36
5 82 88
5 83 58
5 85 14
5 86 51
5 88 14
5 89 53
5 90 48
5 91 19
5 93 10
5 94 39
5 95 43
5 96 2
5 99 26
6 8 22
6 9 99
6 10 8
6 11 51
6 13 96
6 14 5
6 18 26
6 20 68
6 21 56
6 22 84
6 23 7
6 24 12
6 25 54
6 26 42
6 27 20
6 28 100
6 29 3
6 30 15
6 31 67
6 32 87
6 34 40
6 35 48
6 36 46
6 37 9
6 38 35
6 39 22
6 40 23
6 41 98
6 42 78
6 43 70
6 44 8
6 45 5
6 46 21
6 47 33
6 48 100
6 49 84
6 51 33
6 52 41
6 54 67
6 56 12
6 59 84
6 60 72
6 61 11
6 62 82
6 64 73
6 65 54
6 66 35
6 67 51
6 68 42
6 69 100
6 70 17
6 71 1
6 73 36
6 74 8
6 75 39
6 77 96
6 78 51
6 80 9
6 81 32
6 82 42
6 83 32
6 84 93
6 85 26
6 86 50
6 87 4
6 89 77
6 90 17
6 91 79
6 93 37
6 94 89
6 96 88
6 97 92
6 98 4
7 8 30
7 10 28
7 11 52
7 12 74
7 16 56
7 19 87
7 20 36
7 21 41
7 24 86
7 26 16
7 27 8
7 28 85
7 29 94
7 30 74
7 31 92
7 32 65
7 33 65
7 34 89
7 35 58
7 36 23
7 38 42
7 39 9
7 40 34
7 41 100
7 42 90
7 43 50
7 44 80
7 45 19
7 46 76
7 47 44
7 50 66
7 51 89
7 53 12
7 54 6
7 57 73
7 58 38
7 60 100
7 62 21
7 63 62
7 65 5
7 69 15
7 70 4
7 71 44
7 73 23
7 74 24
7 77 73
7 79 84
7 80 16
7 82 59
7 84 100
7 85 21
7 86 9
7 89 89
7 90 43
7 92 57
7 93 3
7 94 27
7 95 71
7 96 81
7 97 3
7 98 44
8 9 45
8 10 82
8 11 69
8 12 11
8 13 42
8 17 3
8 18 29
8 20 83
8 22 31
8 23 39
8 24 81
8 26 16
8 30 46
8 31 36
8 32 13
8 33 85
8 34 1
8 35 58
8 36 25
8 37 11
8 38 86
8 40 97
8 41 74
8 42 81
8 43 32
8 45 69
8 46 30
8 47 87
8 48 63
8 49 12
8 50 21
8 51 37
8 52 31
8 53 15
8 54 78
8 55 15
8 56 41
8 57 41
8 58 23
8 59 16
8 60 90
8 61 44
8 63 96
8 64 6
8 66 37
8 67 98
8 68 49
8 69 48
8 70 32
8 71 4
8 72 46
8 73 92
8 74 35
8 75 25
8 76 39
8 78 62
8 79 86
8 82 3
8 83 32
8 84 34
8 85 100
8 86 1
8 87 76
8 88 47
8 90 67
8 91 27
8 92 1
8 93 93
8 95 57
8 96 46
8 97 20
9 11 2
9 12 37
9 13 86
9 14 92
9 16 83
9 17 98
9 18 44
9 19 10
9 21 12
9 22 31
9 23 71
9 24 47
9 25 8
9 26 51
9 30 52
9 31 1
9 32 71
9 33 70
9 34 28
9 35 76
9 36 70
9 37 78
9 38 57
9 39 56
9 40 10
9 41 30
9 42 92
9 43 64
9 44 5
9 46 41
9 47 69
9 48 39
9 49 85
9 52 31
9 53 65
9 54 92
9 55 92
9 57 15
9 58 75
9 59 10
9 60 41
9 61 8
9 62 30
9 63 18
9 65 82
9 66 22
9 67 12
9 69 93
9 70 80
9 71 13
9 72 82
9 73 78
9 75 24
9 76 78
9 77 11
9 78 64
9 79 19
9 80 71
9 81 73
9 82 70
9 83 79
9 85 49
9 86 59
9 88 48
9 91 32
9 92 37
9 95 69
9 97 17
9 98 47
10 11 39
10 14 64
10 15 44
10 16 65
10 17 4
10 20 7
10 21 33
10 22 51
10 25 10
10 26 68
10 27 30
10 28 32
10 29 70
10 30 44
10 31 88
10 32 39
10 33 5
10 34 94
10 35 27
10 36 16
10 37 39
10 38 20
10 39 30
10 40 37
10 43 59
10 45 21
10 46 6
10 47 40
10 48 47
10 49 28
10 50 84
10 51 50
10 52 21
10 54 8
10 55 21
10 57 51
10 58 89
10 59 68
10 60 57
10 62 60
10 64 7
10 65 6
10 66 26
10 67 10
10 69 96
10 70 67
10 71 99
10 72 46
10 73 81
10 74 78
10 75 69
10 78 64
10 79 18
10 81 8
10 83 69
10 84 30
10 85 40
10 86 21
10 88 70
10 89 84
10 91 71
10 93 24
10 94 91
10 95 50
10 96 3
10 98 31
11 12 46
11 13 33
11 15 25
11 16 74
11 18 68
11 19 24
11 20 27
11 21 96
11 22 9
11 23 82
11 24 12
11 26 3
11 28 90
11 29 59
11 31 52
11 34 7
11 35 18
11 36 32
11 37 64
11 38 72
11 39 78
11 41 54
11 45 5
11 46 60
11 49 47
11 51 30
11 52 28
11 53 49
11 55 36
11 57 90
11 58 78
11 59 59
11 61 95
11 62 82
11 63 58
11 65 62
11 68 37
11 69 14
11 70 50
11 71 45
11 72 88
11 73 77
11 75 37
11 77 55
11 78 26
11 79 85
11 81 64
11 82 58
11 83 56
11 84 63
11 85 93
11 86 57
11 89 57
11 92 4
11 93 29
11 94 10
11 95 69
11 96 71
11 97 33
11 98 71
11 99 19
12 13 39
12 15 30
12 16 56
12 18 51
12 19 11
12 20 89
12 21 55
12 22 97
12 23 66
12 24 61
12 25 98
12 26 16
12 28 98
12 29 70
12 30 100
12 31 27
12 33 17
12 34 61
12 35 21
12 37 81
12 38 15
12 39 59
12 40 22
12 41 93
12 42 61
12 44 25
12 45 79
12 46 48
12 47 84
12 48 12
12 50 41
12 52 31
12 53 26
12 54 13
12 55 66
12 56 89
12 57 48
12 58 82
12 59 28
12 61 10
12 62 58
12 63 88
12 64 41
12 65 53
12 66 43
12 67 87
12 68 49
12 69 73
12 70 26
12 71 7
12 72 94
12 73 74
12 75 36
12 76 84
12 77 9
12 78 10
12 80 42
12 81 21
12 82 82
12 83 74
12 85 93
12 86 48
12 87 54
12 89 60
12 91 3
12 94 15
12 95 90
12 96 50
12 98 84
12 99 69
13 16 35
13 17 29
13 18 37
13 19 81
13 23 72
13 24 42
13 25 54
13 26 63
13 28 23
13 29 58
13 30 22
13 31 86
13 32 96
13 33 46
13 34 2
13 35 33
13 36 2
13 37 74
13 38 68
13 39 51
13 41 62
13 42 24
13 45 41
13 46 74
13 47 42
13 48 32
13 49 89
13 50 21
13 51 49
13 52 49
13 53 44
13 54 39
13 55 84
13 57 80
13 58 95
13 59 15
13 60 74
13 62 34
13 63 37
13 64 73
13 65 17
13 66 60
13 67 44
13 68 13
13 69 22
13 70 95
13 71 100
13 72 78
13 73 49
13 74 4
13 75 69
13 78 11
13 81 81
13 82 76
13 84 50
13 85 49
13 86 73
13 87 36
13 88 49
13 90 28
13 91 97
13 92 44
13 93 35
13 94 7
13 95 40
13 96 92
13 97 76
13 98 45
13 99 77
14 15 13
14 18 50
14 19 69
14 20 46
14 21 3
14 22 20
14 24 22
14 25 10
14 26 75
14 27 96
14 28 4
14 30 27
14 31 57
14 35 34
14 36 66
14 37 20
14 38 100
14 39 91
14 41 62
14 42 61
14 43 89
14 44 18
14 46 20
14 47 27
14 48 28
14 49 86
14 50 2
14 52 20
14 53 22
14 54 83
14 55 60
14 57 1
14 58 66
14 59 47
14 61 56
14 62 51
14 64 34
14 65 12
14 66 59
14 67 95
14 68 37
14 69 52
14 70 9
14 71 6
14 75 83
14 77 91
14 78 37
14 80 83
14 81 21
14 83 1
14 84 69
14 85 22
14 87 27
14 89 95
14 91 17
14 92 86
14 93 79
14 94 2
14 95 93
14 97 80
14 99 31
15 16 23
15 17 37
15 18 64
15 19 2
15 21 57
15 22 17
15 23 44
15 24 22
15 25 3
15 26 98
15 27 1
15 28 49
15 29 90
15 30 57
15 32 90
15 33 36
15 34 8
15 35 38
15 36 23
15 37 22
15 38 84
15 39 22
15 42 30
15 45 60
15 47 93
15 49 94
15 51 65
15 52 2
15 53 58
15 54 32
15 55 32
15 56 25
15 57 87
15 59 8
15 60 45
15 61 4
15 62 5
15 63 1
15 64 48
15 66 72
15 67 40
15 68 30
15 69 60
15 71 75
15 72 99
15 73 87
15 74 70
15 75 92
15 76 25
15 79 16
15 80 33
15 81 55
15 82 13
15 86 61
15 87 5
15 88 29
15 89 76
15 91 49
15 92 99
15 93 92
15 94 2
15 95 57
15 96 25
15 97 99
15 98 25
15 99 54
16 17 82
16 18 2
16 19 77
16 20 11
16 21 33
16 22 17
16 23 72
16 24 57
16 25 49
16 26 88
16 27 22
16 28 1
16 29 86
16 30 90
16 32 4
16 33 100
16 35 36
16 36 88
16 37 48
16 38 83
16 39 58
16 40 12
16 43 70
16 44 10
16 46 35
16 47 50
16 48 38
16 49 8
16 50 84
16 51 98
16 52 56
16 55 86
16 56 72
16 57 47
16 59 83
16 60 13
16 62 46
16 63 5
16 64 89
16 65 42
16 67 74
16 69 13
16 70 79
16 72 78
16 75 31
16 76 46
16 78 20
16 79 39
16 80 17
16 81 56
16 83 53
16 84 17
16 85 4
16 86 2
16 87 39
16 88 17
16 89 54
16 90 71
16 91 14
16 93 30
16 94 48
16 96 67
16 97 5
16 98 3
16 99 11
17 18 13
17 20 79
17 22 95
17 23 68
17 24 68
17 25 33
17 26 45
17 27 47
17 28 92
17 29 48
17 31 37
17 33 22
17 34 46
17 35 70
17 37 30
17 39 39
17 41 86
17 42 33
17 44 23
17 45 24
17 46 42
17 47 9
17 49 65
17 51 44
17 52 79
17 53 98
17 54 22
17 56 62
17 57 61
17 58 64
17 59 40
17 60 14
17 61 35
17 62 21
17 63 53
17 64 33
17 65 67
17 66 9
17 67 88
17 68 57
17 69 27
17 71 78
17 72 35
17 73 51
17 74 20
17 75 17
17 76 64
17 77 36
17 78 66
17 79 86
17 80 33
17 81 54
17 82 63
17 84 8
17 86 18
17 87 43
17 88 2
17 89 98
17 91 27
17 92 25
17 93 90
17 95 55
17 96 72
17 98 88
17 99 70
18 19 83
18 20 23
18 21 92
18 22 27
18 23 51
18 25 24
18 26 80
18 28 36
18 29 12
18 31 43
18 32 2
18 33 66
18 34 94
18 35 41
18 36 34
18 37 7
18 39 99
18 40 24
18 41 49
18 42 39
18 44 38
18 45 48
18 46 25
18 47 52
18 48 23
18 49 44
18 50 61
18 51 43
18 54 15
18 55 61
18 56 12
18 57 6
18 59 73
18 61 15
18 63 79
18 65 27
18 66 92
18 67 76
18 68 26
18 69 1
18 70 66
18 71 56
18 72 47
18 76 93
18 77 85
18 78 58
18 79 92
18 81 31
18 82 47
18 84 42
18 88 9
18 89 84
18 90 78
18 91 42
18 92 43
18 93 42
18 95 70
18 97 2
18 98 27
18 99 15
19 20 96
19 21 14
19 22 66
19 29 36
19 30 22
19 32 5
19 35 8
19 37 14
19 38 53
19 39 11
19 40 36
19 42 86
19 44 36
19 45 39
19 46 47
19 50 30
19 52 80
19 53 68
19 54 94
19 55 56
19 56 54
19 57 65
19 58 1
19 59 62
19 60 56
19 61 94
19 62 97
19 64 3
19 65 53
19 66 92
19 67 74
19 68 85
19 69 47
19 70 3
19 72 95
19 73 33
19 74 81
19 75 98
19 76 71
19 77 56
19 78 11
19 79 51
19 80 94
19 81 89
19 82 68
19 83 98
19 84 56
19 85 62
19 86 88
19 87 45
19 88 13
19 89 36
19 90 82
19 91 36
19 92 86
19 93 78
19 94 72
19 95 85
19 96 52
19 97 91
19 99 62
20 22 99
20 23 85
20 24 64
20 25 93
20 26 21
20 29 94
20 30 69
20 32 44
20 33 61
20 36 23
20 37 98
20 38 80
20 39 57
20 40 66
20 41 28
20 42 51
20 44 83
20 45 65
20 47 56
20 48 96
20 50 35
20 53 90
20 54 72
20 55 24
20 58 65
20 59 12
20 60 32
20 62 57
20 66 27
20 67 12
20 68 27
20 70 3
20 71 93
20 72 17
20 73 89
20 75 75
20 76 45
20 77 54
20 78 98
20 79 23
20 81 23
20 82 24
20 83 93
20 84 58
20 85 43
20 86 4
20 87 49
20 88 83
20 89 84
20 91 50
20 92 6
20 93 2
20 94 25
20 95 85
20 96 39
20 97 34
20 98 63
21 22 76
21 23 63
21 24 73
21 25 75
21 26 63
21 27 44
21 28 61
21 30 2
21 31 75
21 32 7
21 33 30
21 35 89
21 36 17
21 37 45
21 38 35
21 40 26
21 41 11
21 42 7
21 43 77
21 44 53
21 46 90
21 47 93
21 48 68
21 52 62
21 53 35
21 55 97
21 58 30
21 59 3
21 60 32
21 61 15
21 62 77
21 63 12
21 66 85
21 67 88
21 68 84
21 69 88
21 71 94
21 72 45
21 73 66
21 74 51
21 76 23
21 78 23
21 79 39
21 80 8
21 81 79
21 83 14
21 84 77
21 86 33
21 87 99
21 88 38
21 89 89
21 91 85
21 93 25
21 94 41
21 95 48
21 96 87
21 98 30
21 99 3
22 23 99
22 24 54
22 26 29
22 28 34
22 29 33
22 30 86
22 31 74
22 32 46
22 34 73
22 35 77
22 36 26
22 37 84
22 39 76
22 40 1
22 42 92
22 43 83
22 44 43
22 45 27
22 46 21
22 47 29
22 48 7
22 49 30
22 50 7
22 51 58
22 52 59
22 53 100
22 54 6
22 55 98
22 57 54
22 60 96
22 61 38
22 62 82
22 63 26
22 64 6
22 65 22
22 66 29
22 67 24
22 68 60
22 69 83
22 70 4
22 72 55
22 73 87
22 74 41
22 75 88
22 76 26
22 77 27
22 78 84
22 80 86
22 81 93
22 82 37
22 83 73
22 86 36
22 87 66
22 88 41
22 89 61
22 90 7
22 91 94
22 92 54
22 93 59
22 94 13
22 95 69
22 96 97
22 97 39
22 98 15
22 99 82
23 24 6
23 25 6
23 26 25
23 27 40
23 29 67
23 31 2
23 32 93
23 33 13
23 34 29
23 35 86
23 36 38
23 37 15
23 38 90
23 39 56
23 40 57
23 42 88
23 45 40
23 46 68
23 47 28
23 48 56
23 50 41
23 51 46
23 53 92
23 54 77
23 56 59
23 57 50
23 58 19
23 59 18
23 60 59
23 64 85
23 66 76
23 68 52
23 69 98
23 70 59
23 74 25
23 75 14
23 77 7
23 78 9
23 79 20
23 80 48
23 82 90
23 84 94
23 86 15
23 87 83
23 88 81
23 89 10
23 91 59
23 92 23
23 93 22
23 96 84
23 98 12
23 99 38
24 25 51
24 26 35
24 27 87
24 28 52
24 30 74
24 31 43
24 32 50
24 33 8
24 34 85
24 35 24
24 36 83
24 37 45
24 38 46
24 39 15
24 40 37
24 41 71
24 42 76
24 44 60
24 45 98
24 48 55
24 49 57
24 50 85
24 51 11
24 52 20
24 53 40
24 54 38
24 59 45
24 62 10
24 63 15
24 65 14
24 66 12
24 68 51
24 69 39
24 70 51
24 74 12
24 75 88
24 76 71
24 78 69
24 79 56
24 80 63
24 81 51
24 83 48
24 84 4
24 86 58
24 88 86
24 89 63
24 90 72
24 91 85
24 92 76
24 94 87
24 95 71
24 96 45
24 97 88
24 99 64
25 26 68
25 27 15
25 29 63
25 30 6
25 34 35
25 35 88
25 36 43
25 38 33
25 40 95
25 42 92
25 43 43
25 44 10
25 47 25
25 49 63
25 50 22
25 52 53
25 53 54
25 54 79
25 55 90
25 58 4
25 59 89
25 60 85
25 62 8
25 63 31
25 64 84
25 65 15
25 66 50
25 67 69
25 68 20
25 69 8
25 70 21
25 71 31
25 72 18
25 73 30
25 74 40
25 78 19
25 79 38
25 80 3
25 81 83
25 82 11
25 83 17
25 84 91
25 85 65
25 86 70
25 87 76
25 90 9
25 91 74
25 92 74
25 93 53
25 94 92
25 95 88
25 96 34
25 97 54
25 98 61
26 27 39
26 28 5
26 29 97
26 30 79
26 31 46
26 32 54
26 33 45
26 34 16
26 35 30
26 36 79
26 37 87
26 38 24
26 39 1
26 40 53
26 41 66
26 42 48
26 44 81
26 45 63
26 46 27
26 49 29
26 51 9
26 54 12
26 55 60
26 56 51
26 57 72
26 58 90
26 59 35
26 60 49
26 61 93
26 62 31
26 63 94
26 64 11
26 65 25
26 66 6
26 69 11
26 70 83
26 71 20
26 72 32
26 74 94
26 76 43
26 77 26
26 78 92
26 80 81
26 81 46
26 82 5
26 84 40
26 85 49
26 86 48
26 87 7
26 88 64
26 90 53
26 92 99
26 93 98
26 94 91
26 95 14
26 97 13
26 98 6
27 31 100
27 32 71
27 34 16
27 36 31
27 37 9
27 39 52
27 40 94
27 41 56
27 42 35
27 43 95
27 44 20
27 45 95
27 46 37
27 47 3
27 48 13
27 50 38
27 51 9
27 52 85
27 53 68
27 54 22
27 55 19
27 56 31
27 57 83
27 58 99
27 59 54
27 60 65
27 62 55
27 63 62
27 65 98
27 66 31
27 68 40
27 69 21
27 70 22
27 71 2
27 72 85
27 73 56
27 74 8
27 75 9
27 76 73
27 77 87
27 78 55
27 79 39
27 81 45
27 83 86
27 85 59
27 86 98
27 87 8
27 88 36
27 90 24
27 91 71
27 92 56
27 93 80
27 94 27
27 95 37
27 96 65
27 97 35
27 99 34
28 30 58
28 31 11
28 32 69
28 33 83
28 36 6
28 37 18
28 38 30
28 39 42
28 40 3
28 42 74
28 43 24
28 44 37
28 45 62
28 46 98
28 47 46
28 48 84
28 49 40
28 50 51
28 51 25
28 52 74
28 53 81
28 54 80
28 55 38
28 57 90
28 58 18
28 60 63
28 62 51
28 63 5
28 64 4
28 65 2
28 66 96
28 67 71
28 68 77
28 69 98
28 70 87
28 71 6
28 72 45
28 73 73
28 74 98
28 75 100
28 76 14
28 77 21
28 78 28
28 79 98
28 80 43
28 81 100
28 83 34
28 84 23
28 85 18
28 86 91
28 89 92
28 90 29
28 92 70
28 93 9
28 94 96
28 97 98
28 98 3
29 30 32
29 31 69
29 32 2
29 33 73
29 34 9
29 35 32
29 36 46
29 37 10
29 39 42
29 40 9
29 42 64
29 43 16
29 45 43
29 46 32
29 47 35
29 48 11
29 50 33
29 51 69
29 52 37
29 53 62
29 55 41
29 56 12
29 57 39
29 59 82
29 60 29
29 61 9
29 64 32
29 65 89
29 67 33
29 68 24
29 71 17
29 72 52
29 73 1
29 74 99
29 75 1
29 76 5
29 78 47
29 79 25
29 81 87
29 82 40
29 83 11
29 84 1
29 85 70
29 86 39
29 87 98
29 88 31
29 89 36
29 90 42
29 91 64
29 92 53
29 93 1
29 94 72
29 96 94
29 97 95
29 98 41
29 99 63
30 31 29
30 32 95
30 34 60
30 35 95
30 37 88
30 38 70
30 41 2
30 42 34
30 43 71
30 44 68
30 45 11
30 46 32
30 47 63
30 48 94
30 49 42
30 51 5
30 52 14
30 53 14
30 57 71
30 58 45
30 59 35
30 60 73
30 61 45
30 62 23
30 63 88
30 64 69
30 65 56
30 66 1
30 67 21
30 68 25
30 70 99
30 71 70
30 72 53
30 73 63
30 74 56
30 75 71
30 76 53
30 77 19
30 78 23
30 79 26
30 81 58
30 82 9
30 83 4
30 85 73
30 86 67
30 87 15
30 88 10
30 89 48
30 90 15
30 91 92
30 92 36
30 93 74
30 94 83
30 95 64
30 96 24
30 98 51
30 99 63
31 33 22
31 34 100
31 35 37
31 36 16
31 37 65
31 38 81
31 41 18
31 42 86
31 43 41
31 44 79
31 45 38
31 46 36
31 47 12
31 49 47
31 51 22
31 52 48
31 53 65
31 54 81
31 59 40
31 60 49
31 62 48
31 63 57
31 64 69
31 65 24
31 66 60
31 67 37
31 68 15
31 73 41
31 74 100
31 77 39
31 78 4
31 80 38
31 81 59
31 84 92
31 85 64
31 87 85
31 89 16
31 90 82
31 91 5
31 93 32
31 94 91
31 96 37
31 98 93
31 99 87
32 33 15
32 34 63
32 35 68
32 36 9
32 37 25
32 38 58
32 40 93
32 42 77
32 43 61
32 44 29
32 45 96
32 46 68
32 48 44
32 49 96
32 50 60
32 51 100
32 52 20
32 53 55
32 54 51
32 55 79
32 56 79
32 57 20
32 58 68
32 59 6
32 60 26
32 61 73
32 62 22
32 63 95
32 64 22
32 65 68
32 66 41
32 67 22
32 68 68
32 69 32
32 72 24
32 73 55
32 74 71
32 75 60
32 77 32
32 78 39
32 82 78
32 83 42
32 85 45
32 86 2
32 87 61
32 88 11
32 89 83
32 91 24
32 92 13
32 93 50
32 95 4
32 96 86
32 97 83
32 98 58
32 99 29
33 34 99
33 35 23
33 37 100
33 38 73
33 39 94
33 40 27
33 41 85
33 42 72
33 43 48
33 45 63
33 46 34
33 47 36
33 48 97
33 49 12
33 51 72
33 52 68
33 53 63
33 54 82
33 55 19
33 56 91
33 57 15
33 59 81
33 60 24
33 62 66
33 64 33
33 66 71
33 67 72
33 68 3
33 69 33
33 71 73
33 72 95
33 73 17
33 74 49
33 76 56
33 77 22
33 78 68
33 80 68
33 81 79
33 82 74
33 83 37
33 86 98
33 87 70
33 89 35
33 92 86
33 94 55
33 95 17
33 96 86
33 97 94
33 98 42
34 36 33
34 37 37
34 39 86
34 40 54
34 41 6
34 44 26
34 46 22
34 47 88
34 48 31
34 49 86
34 50 64
34 51 78
34 53 81
34 55 92
34 56 65
34 57 32
34 59 20
34 61 86
34 62 99
34 63 2
34 64 33
34 66 39
34 67 7
34 68 74
34 70 82
34 71 1
34 72 73
34 73 55
34 75 99
34 77 33
34 78 97
34 80 90
34 81 47
34 82 36
34 83 58
34 85 63
34 86 53
34 87 59
34 88 64
34 89 69
34 90 81
34 91 67
34 92 44
34 93 3
34 94 37
34 96 63
34 97 99
34 98 92
34 99 92
35 36 45
35 37 83
35 39 26
35 41 27
35 43 58
35 45 63
35 46 83
35 49 9
35 50 78
35 51 49
35 52 14
35 56 3
35 57 86
35 58 46
35 59 85
35 60 18
35 61 59
35 64 52
35 65 29
35 66 84
35 67 69
35 68 79
35 69 27
35 70 20
35 73 71
35 74 90
35 76 79
35 78 74
35 79 89
35 80 46
35 81 75
35 83 76
35 84 84
35 86 94
35 87 5
35 88 25
35 89 99
35 90 26
35 97 86
35 98 11
36 37 36
36 38 28
36 39 26
36 41 71
36 43 78
36 45 57
36 46 4
36 48 52
36 50 92
36 51 65
36 52 5
36 53 95
36 54 79
36 55 69
36 56 35
36 57 77
36 58 48
36 59 72
36 60 8
36 61 71
36 62 96
36 63 66
36 64 31
36 65 9
36 66 75
36 68 60
36 69 5
36 70 76
36 71 80
36 73 20
36 74 99
36 75 24
36 76 68
36 78 70
36 79 54
36 80 73
36 83 74
36 85 35
36 86 63
36 87 51
36 88 49
36 92 20
36 93 59
36 94 68
36 95 87
36 96 8
36 97 92
36 98 79
36 99 73
37 38 77
37 39 32
37 40 84
37 42 18
37 43 27
37 44 76
37 45 58
37 46 73
37 47 17
37 48 65
37 49 56
37 50 33
37 52 91
37 53 30
37 55 43
37 56 96
37 57 31
37 58 16
37 60 100
37 61 67
37 62 77
37 63 14
37 65 21
37 66 51
37 67 14
37 68 93
37 69 13
37 70 37
37 71 23
37 72 44
37 73 89
37 74 20
37 75 18
37 77 14
37 78 94
37 79 94
37 83 9
37 84 55
37 85 28
37 86 91
37 87 75
37 88 65
37 89 6
37 90 67
37 91 91
37 92 86
37 93 97
37 94 61
37 96 39
37 97 75
37 98 85
37 99 60
38 39 20
38 41 41
38 42 76
38 43 50
38 44 94
38 45 15
38 46 28
38 47 70
38 48 91
38 49 97
38 50 100
38 52 99
38 53 79
38 55 49
38 56 94
38 58 88
38 60 68
38 62 18
38 63 65
38 64 82
38 65 35
38 66 71
38 67 98
38 68 12
38 69 82
38 70 9
38 71 48
38 72 60
38 73 91
38 74 84
38 75 33
38 76 5
38 77 100
38 78 23
38 79 15
38 81 77
38 82 47
38 83 72
38 86 28
38 87 84
38 88 56
38 90 63
38 91 13
38 92 3
38 94 52
38 95 42
38 96 34
38 97 1
39 40 10
39 41 41
39 42 91
39 46 99
39 47 11
39 48 35
39 50 67
39 51 35
39 52 72
39 54 80
39 55 79
39 56 80
39 57 72
39 60 97
39 61 44
39 62 60
39 63 52
39 64 18
39 65 100
39 66 2
39 67 48
39 68 54
39 69 85
39 72 7
39 73 85
39 74 22
39 76 20
39 78 22
39 79 44
39 80 7
39 82 45
39 83 43
39 85 72
39 87 10
39 88 21
39 89 96
39 90 56
39 92 23
39 95 34
39 97 67
39 98 90
39 99 77
40 41 8
40 45 24
40 46 54
40 49 28
40 51 71
40 52 35
40 53 51
40 54 74
40 55 41
40 56 51
40 57 24
40 58 61
40 59 91
40 60 52
40 61 57
40 65 77
40 66 15
40 67 71
40 69 91
40 74 30
40 76 83
40 77 13
40 79 44
40 80 72
40 81 33
40 82 54
40 83 50
40 84 36
40 85 68
40 86 11
40 87 55
40 88 89
40 90 31
40 91 17
40 92 45
40 93 67
40 97 65
40 98 14
40 99 58
41 42 4
41 45 84
41 46 98
41 47 81
41 48 4
41 49 77
41 50 62
41 53 46
41 54 43
41 55 77
41 56 45
41 57 11
41 58 25
41 59 4
41 60 2
41 61 32
41 62 72
41 63 20
41 64 97
41 65 9
41 66 85
41 67 8
41 69 5
41 70 75
41 72 34
41 73 25
41 74 7
41 75 29
41 76 31
41 77 26
41 78 15
41 79 83
41 80 51
41 81 54
41 82 25
41 84 94
41 85 25
41 86 91
41 88 45
41 89 38
41 90 10
41 92 17
41 93 93
41 94 39
41 96 65
41 97 22
41 98 100
41 99 6
42 43 58
42 45 20
42 48 43
42 49 35
42 52 17
42 53 18
42 54 55
42 57 5
42 59 92
42 60 30
42 61 59
42 63 99
42 64 59
42 65 29
42 67 64
42 69 53
42 70 91
42 72 76
42 73 44
42 74 79
42 75 51
42 76 52
42 77 99
42 78 60
42 79 46
42 80 4
42 81 96
42 82 45
42 84 74
42 86 37
42 87 77
42 88 29
42 91 28
42 92 67
42 93 90
42 94 4
42 95 48
42 96 73
42 97 68
42 98 42
42 99 47
43 45 39
43 46 10
43 47 14
43 48 35
43 49 60
43 50 75
43 51 97
43 52 69
43 53 48
43 54 62
43 55 97
43 56 14
43 57 13
43 58 14
43 59 85
43 60 57
43 61 62
43 62 75
43 63 99
43 64 27
43 65 20
43 66 44
43 68 77
43 73 43
43 74 27
43 76 55
43 77 37
43 78 64
43 79 96
43 80 56
43 81 38
43 84 57
43 86 40
43 87 91
43 88 76
43 89 40
43 90 82
43 91 67
43 92 75
43 98 77
43 99 73
44 45 70
44 47 11
44 48 50
44 49 5
44 51 61
44 52 32
44 55 73
44 56 43
44 57 1
44 58 83
44 59 44
44 60 17
44 62 50
44 63 16
44 64 34
44 65 94
44 66 46
44 68 98
44 69 38
44 70 88
44 71 21
44 74 57
44 75 59
44 77 67
44 78 93
44 79 93
44 80 14
44 81 10
44 85 87
44 86 31
44 87 88
44 88 74
44 89 91
44 90 30
44 91 96
44 94 49
44 95 7
44 96 34
44 97 60
44 98 72
44 99 24
45 47 82
45 49 32
45 50 100
45 53 22
45 54 34
45 56 93
45 57 26
45 58 47
45 59 50
45 60 18
45 61 39
45 63 34
45 64 93
45 65 93
45 66 63
45 67 64
45 71 6
45 73 5
45 74 18
45 75 84
45 76 88
45 77 93
45 78 18
45 79 86
45 80 86
45 81 20
45 82 23
45 83 26
45 85 50
45 86 12
45 87 16
45 88 49
45 89 1
45 90 27
45 91 22
45 92 38
45 93 28
45 94 61
45 97 87
45 98 57
46 47 13
46 48 42
46 49 14
46 50 95
46 51 95
46 53 34
46 54 67
46 55 55
46 56 85
46 58 39
46 59 52
46 60 10
46 61 67
46 62 86
46 63 43
46 64 43
46 65 30
46 66 32
46 67 39
46 68 96
46 69 9
46 71 81
46 73 56
46 74 62
46 75 29
46 76 95
46 77 57
46 78 90
46 79 74
46 80 49
46 81 58
46 82 31
46 83 62
46 84 97
46 85 68
46 86 72
46 87 27
46 88 85
46 89 3
46 91 8
46 92 3
46 93 72
46 94 3
46 96 17
46 97 70
46 98 63
46 99 48
47 49 85
47 50 34
47 51 76
47 52 86
47 53 15
47 54 40
47 55 12
47 56 27
47 57 80
47 58 77
47 59 92
47 61 58
47 62 79
47 63 88
47 65 15
47 66 35
47 67 40
47 68 11
47 70 10
47 71 90
47 72 20
47 73 59
47 74 46
47 75 51
47 76 77
47 77 23
47 78 77
47 79 97
47 81 37
47 83 54
47 84 64
47 85 50
47 87 82
47 88 41
47 90 68
47 92 51
47 93 27
47 94 84
47 96 73
47 99 14
48 50 73
48 52 10
48 53 44
48 54 85
48 55 97
48 56 46
48 57 29
48 58 32
48 59 89
48 60 78
48 62 32
48 63 60
48 64 58
48 65 98
48 66 76
48 67 98
48 68 100
48 69 72
48 70 60
48 72 96
48 73 84
48 75 83
48 76 45
48 78 81
48 79 28
48 80 32
48 81 32
48 82 70
48 84 7
48 85 56
48 87 19
48 88 99
48 89 62
48 90 34
48 91 88
48 92 21
48 93 98
48 94 48
48 95 31
48 97 29
48 98 9
48 99 25
49 50 24
49 51 16
49 52 80
49 53 21
49 54 43
49 55 12
49 56 39
49 57 28
49 59 37
49 60 29
49 61 94
49 62 21
49 64 95
49 65 4
49 66 44
49 67 3
49 69 70
49 70 42
49 71 51
49 73 40
49 74 9
49 75 49
49 76 97
49 78 86
49 79 72
49 80 13
49 81 98
49 82 2
49 86 95
49 87 91
49 88 71
49 89 22
49 90 91
49 91 86
49 92 69
49 94 16
49 96 96
49 98 24
49 99 31
50 51 91
50 52 27
50 53 65
50 54 39
50 55 60
50 56 36
50 57 69
50 58 80
50 59 88
50 61 67
50 62 95
50 63 41
50 64 19
50 65 40
50 66 23
50 67 41
50 68 94
50 69 65
50 70 44
50 71 37
50 72 57
50 73 56
50 74 63
50 75 36
50 76 58
50 78 5
50 79 52
50 82 48
50 83 7
50 84 3
50 86 95
50 87 76
50 90 13
50 93 26
50 94 33
50 95 17
50 96 70
50 97 56
50 98 69
50 99 54
51 52 70
51 53 72
51 54 65
51 55 21
51 56 21
51 57 37
51 58 47
51 59 21
51 60 29
51 61 58
51 63 38
51 64 13
51 65 67
51 67 64
51 68 17
51 69 79
51 70 18
51 71 76
51 72 64
51 73 66
51 74 9
51 75 13
51 76 72
51 77 79
51 78 77
51 79 34
51 80 6
51 81 82
51 82 46
51 84 39
51 85 36
51 86 79
51 90 81
51 92 54
51 94 67
51 95 76
51 96 15
51 97 29
51 98 72
51 99 41
52 53 31
52 54 58
52 56 46
52 57 17
52 58 89
52 60 59
52 62 79
52 63 23
52 65 33
52 67 18
52 68 18
52 69 98
52 70 73
52 71 98
52 72 62
52 74 13
52 75 46
52 76 45
52 78 62
52 79 80
52 81 37
52 82 8
52 83 85
52 85 99
52 87 59
52 88 48
52 89 70
52 91 4
52 92 86
52 93 32
52 94 10
52 96 24
52 97 35
52 99 72
53 55 90
53 56 95
53 57 97
53 58 99
53 59 79
53 60 98
53 61 9
53 62 51
53 63 78
53 64 55
53 65 56
53 67 1
53 68 55
53 69 86
53 70 83
53 72 57
53 74 7
53 75 31
53 76 83
53 78 58
53 80 72
53 81 53
53 82 78
53 83 63
53 84 20
53 86 11
53 87 58
53 88 56
53 89 31
53 91 66
53 93 63
53 95 28
53 98 69
54 55 7
54 57 44
54 58 93
54 59 41
54 60 96
54 61 39
54 62 7
54 63 99
54 64 31
54 65 12
54 67 72
54 68 49
54 69 74
54 70 86
54 71 12
54 72 19
54 74 67
54 75 52
54 76 59
54 78 88
54 79 98
54 80 90
54 81 87
54 82 16
54 83 23
54 84 60
54 85 47
54 86 46
54 87 62
54 88 55
54 89 51
54 90 80
54 92 8
54 93 9
54 94 2
54 95 21
54 96 47
54 97 31
54 99 32
55 58 70
55 59 87
55 60 22
55 61 56
55 62 12
55 63 65
55 64 76
55 65 26
55 66 58
55 67 63
55 68 88
55 70 21
55 71 88
55 72 59
55 73 51
55 75 86
55 77 30
55 78 17
55 79 56
55 80 36
55 81 46
55 82 47
55 83 51
55 84 97
55 85 97
55 86 97
55 87 46
55 89 41
55 90 97
55 92 43
55 93 31
55 94 69
55 95 24
55 96 59
55 97 76
55 98 80
56 57 90
56 58 81
56 62 33
56 64 37
56 65 59
56 66 3
56 67 70
56 68 43
56 69 31
56 71 3
56 72 15
56 73 76
56 74 84
56 75 84
56 77 4
56 78 25
56 79 93
56 81 22
56 82 44
56 84 49
56 86 97
56 88 65
56 90 64
56 92 28
56 93 74
56 94 94
56 95 98
56 96 27
56 98 76
57 58 67
57 59 71
57 60 68
57 62 89
57 63 64
57 64 18
57 65 12
57 67 25
57 69 49
57 70 38
57 71 26
57 73 58
57 74 34
57 75 93
57 76 6
57 77 42
57 79 20
57 80 87
57 81 56
57 83 72
57 84 76
57 85 4
57 88 67
57 89 41
57 90 30
57 91 38
57 92 38
57 94 36
57 95 53
57 98 53
57 99 63
58 61 23
58 63 36
58 64 95
58 66 65
58 67 9
58 69 12
58 70 60
58 71 94
58 72 76
58 73 14
58 74 45
58 75 99
58 76 59
58 77 18
58 78 43
58 79 15
58 80 21
58 81 49
58 82 93
58 83 32
58 84 87
58 85 6
58 87 46
58 88 39
58 89 54
58 90 58
58 91 46
58 92 59
58 93 3
58 94 84
58 95 7
58 96 53
58 97 51
58 98 82
58 99 42
59 60 98
59 61 56
59 62 48
59 63 72
59 64 62
59 65 4
59 66 9
59 67 90
59 68 13
59 69 88
59 71 2
59 75 26
59 77 53
59 78 74
59 79 77
59 80 55
59 81 81
59 83 10
59 84 22
59 85 70
59 90 32
59 91 48
59 92 41
59 93 41
59 94 73
59 95 55
59 96 76
59 99 84
60 61 27
60 62 15
60 64 24
60 65 9
60 66 43
60 67 14
60 69 15
60 70 88
60 71 24
60 72 73
60 73 45
60 74 79
60 76 21
60 79 100
60 81 8
60 82 38
60 83 41
60 84 11
60 85 10
60 87 57
60 89 41
60 91 52
60 92 43
60 93 4
60 94 54
60 96 50
60 97 85
60 99 84
61 62 65
61 64 9
61 65 31
61 66 58
61 67 46
61 68 9
61 70 65
61 71 59
61 72 83
61 73 55
61 75 53
61 77 27
61 78 83
61 79 85
61 80 78
61 81 74
61 82 64
61 83 91
61 84 44
61 85 60
61 86 58
61 87 80
61 88 58
61 89 24
61 90 70
61 91 53
61 92 30
61 93 71
61 94 8
61 96 27
61 97 31
61 98 58
61 99 13
62 64 34
62 65 29
62 66 50
62 67 59
62 68 72
62 69 18
62 70 41
62 71 42
62 72 18
62 73 60
62 74 44
62 75 93
62 76 80
62 77 70
62 78 71
62 80 82
62 83 47
62 84 1
62 85 30
62 86 39
62 88 64
62 89 38
62 90 20
62 91 87
62 92 67
62 93 31
62 94 51
62 95 53
62 96 18
62 97 41
62 98 73
63 64 29
63 65 65
63 66 45
63 67 58
63 68 86
63 69 93
63 70 68
63 71 33
63 73 8
63 74 49
63 76 30
63 77 7
63 78 92
63 80 94
63 81 62
63 83 9
63 84 51
63 85 83
63 86 77
63 87 10
63 88 77
63 89 91
63 90 81
63 91 36
63 92 48
63 94 38
63 96 94
63 98 84
63 99 25
64 65 63
64 66 36
64 67 98
64 68 80
64 69 95
64 70 32
64 71 57
64 75 19
64 76 55
64 78 3
64 80 37
64 83 60
64 84 92
64 85 92
64 86 19
64 88 98
64 89 52
64 90 11
64 91 100
64 94 57
64 95 83
64 96 43
64 97 92
64 98 3
65 66 90
65 68 7
65 71 96
65 72 73
65 73 46
65 74 4
65 75 4
65 76 24
65 77 33
65 78 23
65 80 61
65 81 64
65 82 44
65 83 75
65 84 32
65 85 19
65 86 20
65 88 64
65 89 74
65 90 66
65 91 8
65 93 82
65 94 90
65 95 27
65 97 21
65 98 7
65 99 68
66 67 76
66 68 49
66 70 32
66 71 39
66 72 51
66 74 31
66 75 61
66 76 47
66 77 85
66 78 81
66 79 89
66 80 20
66 81 90
66 82 26
66 84 20
66 85 33
66 86 34
66 87 10
66 88 66
66 89 22
66 90 47
66 91 48
66 92 85
66 93 77
66 95 10
66 96 29
66 98 6
66 99 48
67 68 72
67 69 12
67 70 14
67 71 99
67 72 55
67 74 58
67 75 36
67 76 68
67 77 7
67 78 93
67 79 37
67 81 79
67 83 60
67 84 79
67 85 64
67 86 69
67 87 9
67 88 8
67 89 99
67 90 10
67 91 19
67 92 67
67 94 34
67 95 33
67 96 56
67 97 84
67 98 46
67 99 56
68 70 11
68 72 95
68 73 95
68 75 95
68 76 15
68 80 35
68 81 7
68 82 74
68 84 64
68 85 6
68 86 72
68 87 27
68 88 68
68 90 52
68 91 19
68 93 83
68 94 99
68 95 48
68 96 38
68 97 61
68 99 16
69 70 72
69 71 4
69 72 78
69 74 60
69 76 80
69 77 95
69 78 46
69 79 94
69 80 16
69 81 61
69 82 21
69 83 34
69 84 74
69 85 67
69 86 1
69 87 1
69 88 6
69 89 96
69 90 92
69 92 25
69 93 93
69 96 74
69 97 40
69 98 78
69 99 57
70 71 18
70 72 84
70 73 73
70 75 31
70 76 94
70 77 11
70 78 5
70 80 82
70 81 64
70 82 2
70 83 74
70 84 26
70 85 26
70 86 54
70 87 84
70 88 55
70 89 83
70 93 82
70 95 58
70 97 81
70 98 33
70 99 39
71 72 95
71 73 76
71 74 51
71 75 58
71 76 31
71 77 14
71 79 37
71 80 53
71 81 40
71 83 45
71 84 3
71 85 58
71 86 33
71 87 19
71 88 82
71 89 89
71 90 66
71 91 57
71 92 89
71 93 22
71 94 22
71 95 78
71 96 18
71 98 22
71 99 19
72 76 66
72 77 50
72 78 17
72 80 23
72 81 33
72 82 29
72 83 97
72 84 36
72 85 47
72 86 78
72 87 90
72 88 74
72 89 100
72 90 59
72 92 76
72 93 9
72 94 5
72 95 72
72 96 55
72 97 90
73 74 69
73 76 52
73 77 79
73 78 36
73 79 67
73 80 52
73 81 11
73 82 65
73 84 1
73 86 20
73 87 96
73 88 2
73 89 78
73 90 46
73 91 87
73 92 89
73 93 38
73 94 96
73 95 94
73 96 41
73 98 43
74 75 22
74 76 96
74 77 42
74 78 50
74 79 13
74 80 83
74 82 69
74 84 22
74 85 43
74 86 57
74 87 44
74 88 42
74 89 34
74 91 36
74 92 53
74 93 46
74 94 87
74 95 63
74 96 24
74 97 35
74 98 26
75 76 69
75 77 71
75 79 92
75 83 82
75 84 21
75 85 96
75 86 88
75 87 95
75 89 16
75 90 75
75 91 57
75 92 12
75 93 72
75 94 95
75 95 97
75 96 56
75 97 58
75 98 8
75 99 85
76 77 38
76 78 54
76 80 94
76 81 93
76 82 12
76 86 44
76 87 70
76 88 41
76 90 91
76 91 12
76 93 43
76 94 98
76 96 86
76 97 40
76 98 26
76 99 20
77 79 43
77 80 86
77 83 86
77 84 40
77 85 54
77 87 49
77 88 8
77 90 53
77 91 92
77 92 21
77 93 40
77 94 60
77 95 64
77 96 52
77 98 29
77 99 43
78 79 52
78 80 30
78 81 27
78 82 32
78 83 12
78 84 18
78 85 62
78 86 48
78 87 18
78 88 42
78 89 60
78 90 63
78 92 1
78 93 67
78 94 80
78 95 46
78 96 72
78 99 92
79 80 61
79 81 21
79 82 86
79 84 46
79 85 35
79 89 64
79 90 60
79 92 70
79 93 37
79 94 46
79 97 24
79 98 52
79 99 31
80 82 97
80 83 42
80 84 73
80 85 76
80 86 1
80 87 94
80 89 95
80 90 47
80 91 47
80 92 58
80 93 58
80 94 71
80 95 24
80 96 53
80 98 85
81 82 31
81 83 8
81 84 33
81 85 83
81 86 58
81 87 9
81 89 95
81 91 57
81 92 59
81 93 32
81 94 91
81 95 84
81 96 50
81 99 79
82 83 67
82 84 67
82 86 60
82 87 65
82 89 33
82 90 56
82 94 58
82 95 12
82 96 64
82 98 89
83 84 33
83 85 52
83 86 97
83 87 54
83 88 7
83 89 31
83 90 32
83 91 53
83 92 77
83 93 4
83 94 58
83 95 56
83 97 58
83 98 11
83 99 10
84 85 48
84 86 11
84 88 88
84 89 6
84 90 71
84 91 22
84 92 28
84 93 77
84 94 2
84 95 32
84 99 38
85 88 61
85 90 84
85 91 28
85 92 61
85 96 51
85 97 29
85 98 48
86 87 88
86 89 99
86 90 17
86 91 53
86 92 28
86 93 38
86 95 38
86 96 18
86 97 85
86 99 68
87 88 6
87 89 80
87 91 89
87 93 85
87 94 72
87 97 98
87 99 99
88 89 58
88 90 18
88 91 85
88 94 72
88 95 57
88 96 65
88 97 17
88 98 62
88 99 69
89 90 54
89 92 38
89 93 33
89 94 46
89 95 83
89 96 90
89 97 11
90 92 12
90 94 100
90 96 16
90 97 66
90 98 35
90 99 83
91 92 36
91 96 78
91 97 5
91 98 69
91 99 24
92 93 74
92 94 21
92 95 71
92 96 61
92 97 51
92 98 91
92 99 84
93 94 18
93 95 30
93 96 93
93 97 64
93 98 83
93 99 42
94 96 66
94 97 57
94 98 54
94 99 81
95 96 40
95 97 35
95 98 77
95 99 93
96 97 54
96 98 78
97 98 27
98 99 33
